#Timestep sxy 
100000 -1.02412264664206e-05
101000 -0.0533890921373225
102000 -0.107215582716329
103000 -0.161070740121342
104000 -0.214072402253881
105000 -0.266607056257064
106000 -0.319147465161201
107000 -0.371928991885283
108000 -0.425512480409523
109000 -0.478819517224991
110000 -0.531948864974569
111000 -0.585808436577326
112000 -0.641288738507954
113000 -0.697866886144397
114000 -0.750897650227542
115000 -0.802037931622512
116000 -0.851863966379106
117000 -0.903023078249652
118000 -0.954854322896519
119000 -0.994537620671942
120000 -0.979253947414038
121000 -0.904301488798015
122000 -0.925038313648232
123000 -1.05923655457199
124000 -1.01460931996594
125000 -0.913956453288829
126000 -1.04760791162804
127000 -1.03503676576613
128000 -0.978512452870091
129000 -1.13824263370561
130000 -1.22666272694604
131000 -1.17928211064082
132000 -1.35209048258995
133000 -1.34805652684526
134000 -1.30412977728984
135000 -1.36379113598592
136000 -1.34272093077124
137000 -1.35804945574168
138000 -1.46095139176373
139000 -1.51947152321396
140000 -1.58674066502845
141000 -1.62275044257312
142000 -1.56939586153604
143000 -1.58768894150189
144000 -1.66486055907205
145000 -1.66298517682779
146000 -1.80981544251833
147000 -1.83542643083494
148000 -1.81009831074326
149000 -1.79989286920664
150000 -1.87547253333933
151000 -1.91635393493344
152000 -1.96654924732583
153000 -2.0754574630506
154000 -1.96894089468968
155000 -2.04011969210404
156000 -2.14577393718306
157000 -2.06606938808629
158000 -2.23454288617461
159000 -2.14875072190137
160000 -2.22512773845743
161000 -2.32522627703704
162000 -2.23679934250729
163000 -2.40000686565868
164000 -2.34015219441109
165000 -2.41865727004841
166000 -2.48011433572466
167000 -2.41832418664844
168000 -2.60925098239804
169000 -2.46202174123486
170000 -2.63850673337823
171000 -2.57126459145105
172000 -2.70110575451612
173000 -2.68879773452738
174000 -2.7006363549275
175000 -2.81201935562719
176000 -2.75375003668308
177000 -2.87941559049633
178000 -2.81100998826441
179000 -2.97405696841534
180000 -2.88537778774268
181000 -3.00623330414293
182000 -2.97946423221494
183000 -3.07657788737942
184000 -3.04811730567237
185000 -3.12824929568727
186000 -3.15945140635093
187000 -3.17169080336641
188000 -3.2354521726759
189000 -3.24321329651245
190000 -3.30947615016928
191000 -3.29994124093398
192000 -3.39744558881139
193000 -3.36226218283613
194000 -3.46531478214093
195000 -3.43174674624473
196000 -3.53314126391397
197000 -3.4902062995529
198000 -3.61605781471052
199000 -3.56393244824589
200000 -3.67823531999825
201000 -3.64014107186234
202000 -3.73324533714545
203000 -3.72929305473999
204000 -3.78871125422715
205000 -3.80561670224167
206000 -3.83748829523499
207000 -3.89581351038784
208000 -3.89305054772112
209000 -3.9753367180974
210000 -3.97064270220204
211000 -4.01715653728838
212000 -4.06975245965885
213000 -4.05825277684238
214000 -4.15694667253073
215000 -4.1292987733993
216000 -4.19519477250992
217000 -4.23792085017242
218000 -4.23976760984952
219000 -4.31760014627218
220000 -4.31244918954166
221000 -4.35925244797695
222000 -4.41303072853543
223000 -4.40473187728993
224000 -4.48959528849338
225000 -4.49158020118143
226000 -4.52259179585954
227000 -4.58320389149196
228000 -4.58221057897168
229000 -4.64623049398786
230000 -4.67945933832992
231000 -4.67924669108347
232000 -4.76081824460981
233000 -4.76543008191692
234000 -4.78817077741183
235000 -4.86276506686857
236000 -4.86057597631856
237000 -4.89698916127873
238000 -4.96838643852
239000 -4.94986836308395
240000 -5.00755044650738
241000 -5.06254138138788
242000 -5.05395529968346
243000 -5.11536882197132
244000 -5.15860864228783
245000 -5.15349020166156
246000 -5.21516188953438
247000 -5.26028602919701
248000 -5.25496236408336
249000 -5.31851846718883
250000 -5.3632696720559
251000 -5.35339040102579
252000 -5.41521850555711
253000 -5.46495761829168
254000 -5.45691732898787
255000 -5.50677657350801
256000 -5.56863171226319
257000 -5.56163095768094
258000 -5.60348345528308
259000 -5.66050891160738
260000 -5.67139094800571
261000 -5.70141795782049
262000 -5.76296099442947
263000 -5.77298159178763
264000 -5.79447196149454
265000 -5.85965820315436
266000 -5.88071387416799
267000 -5.89081121689785
268000 -5.94791404789274
269000 -5.98935660459599
270000 -5.99615669024614
271000 -6.03331502526381
272000 -6.08387944758594
273000 -6.11446150760887
274000 -6.12206060037301
275000 -6.17659338326878
276000 -6.21954250324031
277000 -6.22817742693435
278000 -6.26234947401331
279000 -6.31317244516368
280000 -6.34523933097079
281000 -6.3547625827324
282000 -6.39156251954456
283000 -6.44729523061735
284000 -6.47155820545413
285000 -6.48575102032131
286000 -6.52220135322053
287000 -6.5748082206721
288000 -6.60191156722071
289000 -6.61910386573069
290000 -6.64931440492335
291000 -6.70113525301181
292000 -6.73109757290012
293000 -6.75234590833439
294000 -6.77427006702446
295000 -6.82430055167682
296000 -6.85858257993819
297000 -6.88706883797657
298000 -6.90259449948339
299000 -6.9483124521626
300000 -6.98438427811986
301000 -7.01917380539662
302000 -7.03193255429905
303000 -7.07083173700434
304000 -7.10910414991259
305000 -7.14347815901592
306000 -7.16770610166929
307000 -7.18956751831848
308000 -7.23443006535414
309000 -7.2677003206674
310000 -7.30223856021325
311000 -7.320406511711
312000 -7.34642472831874
313000 -7.39107094846338
314000 -7.42703143651059
315000 -7.45866478510229
316000 -7.47647861509524
317000 -7.49842180833759
318000 -7.54249762428835
319000 -7.5846275540665
320000 -7.61051752691505
321000 -7.63625658822488
322000 -7.65706619772278
323000 -7.68859702963931
324000 -7.73397578476749
325000 -7.77067675122974
326000 -7.79277747956552
327000 -7.81311726111605
328000 -7.84287029854064
329000 -7.87751473897702
330000 -7.91312542814758
331000 -7.94920613756932
332000 -7.97601834060182
333000 -7.99567442138936
334000 -8.0217625602873
335000 -8.05753808827582
336000 -8.09621737774647
337000 -8.12734542011936
338000 -8.15187567326165
339000 -8.1794006039527
340000 -8.20872103799891
341000 -8.23590629334417
342000 -8.26423386355619
343000 -8.29957674422424
344000 -8.33204821269019
345000 -8.36136921011833
346000 -8.39147513110001
347000 -8.41691137379226
348000 -8.44134987781851
349000 -8.4678734439462
350000 -8.49919595514409
351000 -8.53351429371175
352000 -8.56749497403728
353000 -8.59745470522759
354000 -8.62456842708652
355000 -8.6460545059984
356000 -8.67152698822969
357000 -8.69893494044262
358000 -8.72986544645938
359000 -8.76124583537936
360000 -8.79172960851591
361000 -8.82200316389108
362000 -8.84895101223078
363000 -8.87334558580217
364000 -8.89612205305502
365000 -8.9213134558005
366000 -8.95026618389146
367000 -8.97950271037288
368000 -9.01015190858264
369000 -9.04117653212102
370000 -9.07248514361878
371000 -9.10177207738725
372000 -9.12745122292928
373000 -9.15215635216902
374000 -9.17713566360553
375000 -9.20226239479149
376000 -9.22750228782406
377000 -9.2550703368699
378000 -9.28157223806419
379000 -9.30722243865829
380000 -9.33547282420658
381000 -9.36682212749892
382000 -9.39910336536887
383000 -9.42803969822428
384000 -9.45228535832646
385000 -9.47424117858606
386000 -9.49439963751013
387000 -9.51836602607403
388000 -9.54358827709651
389000 -9.56682614224479
390000 -9.58745170260869
391000 -9.61289841086595
392000 -9.6446755039878
393000 -9.67460699581797
394000 -9.69960316085979
395000 -9.72810329825493
396000 -9.75912863684037
397000 -9.78283107607839
398000 -9.8052060179837
399000 -9.83437623932396
400000 -9.85793997998863
401000 -9.87613112769664
402000 -9.90314995926111
403000 -9.92261054123224
404000 -9.94486054396514
405000 -9.96986075310007
406000 -9.9870129864713
407000 -10.0154917479928
408000 -10.0350305654634
409000 -10.0586121420469
410000 -10.0835934678263
411000 -10.1042871567377
412000 -10.1313061329333
413000 -10.1504489861027
414000 -10.1774387110566
415000 -10.1966846506938
416000 -10.2254590990489
417000 -10.2422977443512
418000 -10.2730134647848
419000 -10.2936746070216
420000 -10.3187274660692
421000 -10.3424830937008
422000 -10.3622709598345
423000 -10.3874570572205
424000 -10.4050334838616
425000 -10.4264665026892
426000 -10.4539277202452
427000 -10.4708926461156
428000 -10.495868808175
429000 -10.5198659537583
430000 -10.5357288066038
431000 -10.5558842753565
432000 -10.5831755476394
433000 -10.6026951621019
434000 -10.6181790479521
435000 -10.6410681998708
436000 -10.6651870717908
437000 -10.685317074444
438000 -10.7014304676471
439000 -10.7178149365535
440000 -10.7386402635829
441000 -10.760360103224
442000 -10.779551410174
443000 -10.7973481558149
444000 -10.8153057010052
445000 -10.8305627076096
446000 -10.8477005108983
447000 -10.8659192412782
448000 -10.8805104977186
449000 -10.8966992096568
450000 -10.915987068729
451000 -10.9324247473878
452000 -10.9504393629206
453000 -10.9679323719407
454000 -10.9833500846829
455000 -11.0009214494418
456000 -11.0141979578697
457000 -11.0331082230309
458000 -11.0489639285648
459000 -11.0655490906729
460000 -11.0819980672424
461000 -11.0926639843591
462000 -11.1074963982983
463000 -11.1203501850955
464000 -11.1403808412887
465000 -11.1532563110522
466000 -11.1674385602234
467000 -11.1793300528658
468000 -11.2003159928524
469000 -11.2125532728998
470000 -11.2245288894736
471000 -11.2439815555998
472000 -11.2598445339662
473000 -11.2722037710368
474000 -11.2901549316479
475000 -11.3030304348674
476000 -11.3169133395118
477000 -11.3307793583403
478000 -11.3439790523985
479000 -11.354374968554
480000 -11.3671123325217
481000 -11.3758822782418
482000 -11.3880547235524
483000 -11.3946794153971
484000 -11.408699313362
485000 -11.4170913510761
486000 -11.4249158785568
487000 -11.4417733007799
488000 -11.4494322713612
489000 -11.4581942508976
490000 -11.4705834185431
491000 -11.4819344507554
492000 -11.4970683166386
493000 -11.5046596169111
494000 -11.5137284048908
495000 -11.5253799916612
496000 -11.5345785522901
497000 -11.54186567723
498000 -11.5475176421364
499000 -11.5529311774847
500000 -11.5595123375984
501000 -11.5660182921773
502000 -11.5718196133029
503000 -11.5804502798485
504000 -11.5889754920078
505000 -11.5963514100638
506000 -11.6012794729619
507000 -11.6084222439702
508000 -11.6158433235778
509000 -11.6195111404153
510000 -5.1196184765396
511000 -0.944542391081487
512000 -0.502456306310524
513000 -0.482511135633571
514000 -0.430822952980227
515000 -0.381095154002598
516000 -0.335591408584539
517000 -0.307500426384827
518000 -0.290470984664527
519000 -0.312239074563557
520000 -0.31235483355945
521000 -0.312618578552964
522000 -0.325624248769715
523000 -0.370961904368533
524000 -0.347355084060197
525000 -0.346159271952433
526000 -0.297210238071147
527000 -0.287588121361712
528000 -0.283647903656506
529000 -0.274908019782458
530000 -0.26491002372482
531000 -0.269529349497438
532000 -0.26853851426303
533000 -0.275392379541429
534000 -0.275549097677904
535000 -0.269378183225575
536000 -0.273683013425596
537000 -0.283086287399347
538000 -0.290353183300087
539000 -0.291574818512418
540000 -0.294706900395288
541000 -0.295329838563814
542000 -0.297428238135788
543000 -0.300503062371336
544000 -0.302516461770946
545000 -0.305540160943775
546000 -0.306595760303102
547000 -0.310565563114843
548000 -0.311574307333931
549000 -0.314665517968858
550000 -0.316657314213336
551000 -0.319491977569525
552000 -0.321072740896849
553000 -0.324880097370831
554000 -0.324842525777187
555000 -0.3292174276954
556000 -0.330416264011606
557000 -0.332804489235397
558000 -0.336864286355453
559000 -0.336882650124999
560000 -0.341084451900809
561000 -0.34409831295521
562000 -0.342810782036276
563000 -0.351112529866108
564000 -0.348421538565081
565000 -0.354814143851016
566000 -0.353729803145395
567000 -0.336755406497342
568000 -0.333482155088995
569000 -0.343139965030039
570000 -0.342013879177987
571000 -0.344856169223301
572000 -0.34609161205675
573000 -0.34966739894421
574000 -0.35063479568243
575000 -0.354019727304737
576000 -0.355281797013126
577000 -0.359860151031372
578000 -0.363171216536306
579000 -0.365005954078615
580000 -0.366216711622916
581000 -0.367913015692403
582000 -0.371519259903899
583000 -0.376690622071363
584000 -0.37561811694337
585000 -0.377566638206053
586000 -0.382255276292686
587000 -0.38258580935026
588000 -0.37778174440223
589000 -0.363755127452839
590000 -0.356643298574954
591000 -0.364933731146936
592000 -0.368218838869982
593000 -0.367866768986294
594000 -0.37104670894578
595000 -0.335097164984787
596000 -0.350900235989982
597000 -0.343720883267706
598000 -0.352333127723696
599000 -0.352238008517203
600000 -0.358215855099006
601000 -0.357059061011566
602000 -0.363491436755043
603000 -0.36354015887184
604000 -0.369145283536012
605000 -0.367988465287344
606000 -0.372588698708438
607000 -0.37135809091595
608000 -0.374001092555125
609000 -0.376495389056913
610000 -0.380574521541478
611000 -0.385137157305681
612000 -0.376410470055241
613000 -0.386809789853091
614000 -0.388769196943387
615000 -0.392311355408173
616000 -0.39177604129262
617000 -0.395937078964819
618000 -0.397842311334802
619000 -0.401692473029837
620000 -0.403478640418382
621000 -0.408692805373252
622000 -0.408464767437761
623000 -0.410995045569819
624000 -0.405120653275023
625000 -0.381788985061491
626000 -0.366146427560836
627000 -0.371959684275648
628000 -0.383984712879994
629000 -0.384534662398393
630000 -0.389102133248213
631000 -0.391567911865781
632000 -0.394750110767346
633000 -0.395522788049991
634000 -0.389581962898744
635000 -0.392941905622755
636000 -0.393996083508433
637000 -0.396955047288066
638000 -0.398630950642631
639000 -0.4008344204916
640000 -0.353661297251316
641000 -0.34911236871305
642000 -0.361344262011361
643000 -0.363013260000074
644000 -0.361402695633464
645000 -0.366393777400045
646000 -0.370345767135804
647000 -0.371646093769203
648000 -0.375575488966096
649000 -0.376908380414472
650000 -0.324236064919474
651000 -0.31296491052223
652000 -0.317156388744781
653000 -0.302394816129031
654000 -0.308845974940454
655000 -0.306136385099648
656000 -0.293143820595817
657000 -0.284499113465382
658000 -0.254695604887684
659000 -0.260338869540103
660000 -0.265805695152317
661000 -0.258210475305278
662000 -0.261280444442882
663000 -0.27189658244528
664000 -0.266444274878268
665000 -0.266401676967841
666000 -0.258281753069926
667000 -0.263867845108178
668000 -0.270294431448487
669000 -0.239153656832862
670000 -0.229022019193098
671000 -0.23273908788924
672000 -0.239062481077747
673000 -0.243389294885991
674000 -0.246099709315968
675000 -0.242985184704362
676000 -0.245098161306038
677000 -0.244352349843996
678000 -0.246201891570083
679000 -0.249777768237117
680000 -0.252337114999577
681000 -0.252734647384367
682000 -0.254750407536479
683000 -0.256419530801457
684000 -0.258354989601157
685000 -0.261143656932012
686000 -0.261702460960016
687000 -0.262797568185355
688000 -0.265072412263888
689000 -0.266984778127565
690000 -0.268776243944928
691000 -0.270501789117294
692000 -0.269858051693084
693000 -0.272087586263319
694000 -0.276697010904809
695000 -0.276838472682129
696000 -0.277710425078258
697000 -0.248583235104775
698000 -0.249246068207385
699000 -0.254676561804098
700000 -0.217919219741502
701000 -0.220135060168005
702000 -0.223479493138798
703000 -0.224673474311335
704000 -0.230688311264009
705000 -0.231538748675187
706000 -0.234102609990603
707000 -0.237122665064939
708000 -0.235103705988323
709000 -0.237089871346514
710000 -0.239977280731223
711000 -0.242803829244091
712000 -0.243869252875278
713000 -0.245465492942044
714000 -0.249211574628928
715000 -0.250852786514366
716000 -0.251869503733183
717000 -0.255881135291176
718000 -0.255616949065264
719000 -0.257619464132863
720000 -0.260079467550556
721000 -0.259922106485234
722000 -0.263642028286779
723000 -0.272291962320535
724000 -0.237387835904115
725000 -0.223423856119201
726000 -0.227515368373821
727000 -0.226608912624406
728000 -0.236979684620282
729000 -0.244689132319734
730000 -0.239066879664079
731000 -0.248416547010016
732000 -0.250305973168488
733000 -0.251791793190048
734000 -0.25436131406895
735000 -0.256125688926372
736000 -0.259793095514365
737000 -0.264535144380553
738000 -0.26783626850862
739000 -0.268834657542015
740000 -0.270996154654105
741000 -0.272979084752622
742000 -0.273713729476895
743000 -0.276190696163326
744000 -0.280815872245618
745000 -0.283767964146564
746000 -0.286424279680593
747000 -0.288479058289394
748000 -0.294598252175901
749000 -0.295048664101409
750000 -0.294134714730484
751000 -0.29920444443062
752000 -0.303222543654078
753000 -0.308148586426696
754000 -0.311221782528105
755000 -0.313621032353334
756000 -0.315884319372512
757000 -0.323952517954158
758000 -0.326380196503963
759000 -0.331381550150063
760000 -0.333202358628803
761000 -0.33805518942292
762000 -0.339517256806139
763000 -0.268110132438985
764000 -0.286436245220983
765000 -0.276386479013419
766000 -0.291430833961517
767000 -0.294436928030212
768000 -0.297596820626481
769000 -0.302962447072282
770000 -0.304388638719475
771000 -0.310848818873084
772000 -0.314253725650747
773000 -0.31552689758312
774000 -0.312909423483285
775000 -0.317928625678695
776000 -0.320960347913582
777000 -0.325368912052641
778000 -0.328476530957341
779000 -0.306539119375564
780000 -0.306066893291499
781000 -0.315324673125892
782000 -0.313747871808983
783000 -0.317510404966776
784000 -0.320670190869106
785000 -0.32435275147997
786000 -0.325522896414074
787000 -0.332996315616823
788000 -0.334158659426344
789000 -0.340726871027212
790000 -0.339151732035843
791000 -0.34686167772465
792000 -0.349429159553972
793000 -0.354090297106616
794000 -0.358383650606133
795000 -0.361270914080912
796000 -0.366127233538381
797000 -0.364882527479701
798000 -0.369710761830366
799000 -0.366977007908303
800000 -0.340519704251797
801000 -0.350744711028746
802000 -0.354573083964472
803000 -0.358816060934405
804000 -0.367051046239634
805000 -0.371750791184968
806000 -0.377871072181922
807000 -0.33618539786741
808000 -0.340550609010147
809000 -0.341207551966137
810000 -0.348757746975794
811000 -0.355125053941562
812000 -0.359223540076143
813000 -0.366392391764303
814000 -0.367919510005203
815000 -0.376513677401677
816000 -0.37577086962397
817000 -0.316957468526136
818000 -0.338585970090194
819000 -0.347847067602808
820000 -0.351862625486523
821000 -0.354738471418699
822000 -0.356164541511506
823000 -0.36210708573873
824000 -0.369837263727493
825000 -0.3754706687354
826000 -0.379098695098277
827000 -0.384471284707904
828000 -0.387312442965276
829000 -0.394581409561987
830000 -0.398360251008161
831000 -0.404061638750319
832000 -0.406846058303721
833000 -0.412512929502501
834000 -0.41917170956485
835000 -0.42309329112494
836000 -0.430618623076899
837000 -0.436901382092266
838000 -0.437889234340455
839000 -0.445372878656448
840000 -0.447542239679754
841000 -0.443607624343567
842000 -0.37619967246335
843000 -0.379272526045368
844000 -0.384759045988442
845000 -0.386936613304055
846000 -0.401686112752801
847000 -0.40479241282912
848000 -0.407988886373925
849000 -0.414130914018431
850000 -0.41888017099783
851000 -0.428150847838724
852000 -0.433064659621786
853000 -0.423493483764753
854000 -0.429122829459386
855000 -0.435835845288058
856000 -0.445078626857869
857000 -0.451923454115553
858000 -0.457497734619622
859000 -0.450471502930916
860000 -0.448187060154862
861000 -0.448923762356204
862000 -0.429776462448301
863000 -0.389699322443039
864000 -0.400670967709085
865000 -0.415186832672147
866000 -0.413384566891904
867000 -0.418008343372447
868000 -0.41877330258097
869000 -0.422731305763744
870000 -0.429560731984233
871000 -0.4307889053287
872000 -0.438067568987922
873000 -0.439757601139564
874000 -0.439363446926409
875000 -0.439760825656747
876000 -0.44076115246446
877000 -0.443582995448055
878000 -0.450941171254387
879000 -0.458161605442406
880000 -0.395814863810416
881000 -0.40904711809632
882000 -0.402891543982015
883000 -0.41783803752457
884000 -0.4170792148136
885000 -0.427635566492067
886000 -0.422681539746628
887000 -0.43110279682906
888000 -0.441879366018575
889000 -0.444928992058703
890000 -0.452436261393728
891000 -0.458496628240583
892000 -0.46510859728164
893000 -0.47092252959833
894000 -0.476817377056812
895000 -0.484199857810845
896000 -0.487742310115395
897000 -0.493938835618642
898000 -0.501674569325574
899000 -0.505655147368337
900000 -0.51551939131713
901000 -0.517047167933254
902000 -0.414332874274247
903000 -0.451104609271728
904000 -0.444951915312527
905000 -0.453612199442649
906000 -0.466167125149413
907000 -0.473746947800814
908000 -0.476515920239407
909000 -0.481919291934164
910000 -0.474863980390888
911000 -0.475299508671522
912000 -0.485170831222147
913000 -0.486020630243347
914000 -0.492347315169816
915000 -0.498964603139153
916000 -0.504874658222747
917000 -0.437746742014003
918000 -0.257060837145068
919000 -0.234584682317714
920000 -0.233757588911374
921000 -0.224040554964888
922000 -0.228417830909304
923000 -0.231861086195444
924000 -0.228686697183974
925000 -0.239490633277164
926000 -0.240245258967804
927000 -0.239457844194105
928000 -0.246502508160636
929000 -0.146223182929867
930000 -0.14919748586746
931000 -0.111622261241623
932000 -0.121911116325567
933000 -0.119414278854513
934000 -0.12381167606284
935000 -0.124363897861312
936000 -0.124190774371907
937000 -0.127189875666535
938000 -0.125511942170445
939000 -0.125444266486669
940000 -0.126128156900896
941000 -0.128329314822745
942000 -0.12617291992115
943000 -0.126025433541331
944000 -0.128899529413586
945000 -0.13041545358461
946000 -0.127817409962727
947000 -0.127777674920878
948000 -0.128848160306044
949000 -0.130484284856242
950000 -0.129335113917849
951000 -0.129144389530018
952000 -0.13343771166331
953000 -0.134032637053454
954000 -0.13136443252446
955000 -0.131617813534642
956000 -0.134295559906558
957000 -0.134422576523536
958000 -0.132997841845337
959000 -0.134128321344902
960000 -0.135752063499479
961000 -0.13656744626033
962000 -0.136232096613774
963000 -0.134876025901676
964000 -0.137114614435383
965000 -0.138801922699647
966000 -0.13596840245442
967000 -0.135454227566122
968000 -0.132183478924475
969000 -0.145067851085122
970000 -0.135326420333706
971000 -0.144791168379303
972000 -0.149619966769647
973000 -0.132430419221235
974000 -0.130771302886209
975000 -0.138457441267531
976000 -0.137758141654142
977000 -0.138313522773709
978000 -0.134863432925498
979000 -0.137384234705702
980000 -0.138191555541339
981000 -0.136643315079295
982000 -0.137314993158752
983000 -0.140453095182596
984000 -0.140857107643966
985000 -0.13864443277341
986000 -0.137285734440305
987000 -0.140146575672986
988000 -0.143896642541327
989000 -0.140255643338977
990000 -0.138680163303186
991000 -0.138346896673269
992000 -0.142612159199985
993000 -0.144270238752047
994000 -0.142099026576777
995000 -0.138869132934108
996000 -0.139401017486865
997000 -0.135412434791949
998000 -0.132475775976117
999000 -0.124705486766207
1000000 -0.130606537450398
1001000 -0.132744226049669
1002000 -0.135096075281413
1003000 -0.133592754714683
1004000 -0.13009399263014
1005000 -0.127896397999683
1006000 -0.132235741470996
1007000 -0.138455863633526
1008000 -0.131171318026523
1009000 -0.120978450005117
1010000 -0.122438679781806
1011000 -0.124788282290231
1012000 -0.120933085929878
1013000 -0.122694088197356
1014000 -0.127355097138215
1015000 -0.1236975480245
1016000 -0.118998622507517
1017000 -0.124187619999841
1018000 -0.124734279621605
1019000 -0.113764570933812
1020000 -0.118586119089795
1021000 -0.123783771547542
1022000 -0.114518355017801
1023000 -0.116615242943788
1024000 -0.120436889677552
1025000 -0.112859590370025
1026000 -0.117616215313331
1027000 -0.117849581956922
1028000 -0.112175783866062
1029000 -0.119126715890463
1030000 -0.113111542512459
1031000 -0.11513559657775
1032000 -0.11779406899827
1033000 -0.11079578712723
1034000 -0.117986449079365
1035000 -0.111590750908024
1036000 -0.114642079864946
1037000 -0.117339418056036
1038000 -0.110027107736112
1039000 -0.11859751587724
1040000 -0.109414677475328
1041000 -0.116111507005863
1042000 -0.112706656188044
1043000 -0.112525628744972
1044000 -0.116044234659107
1045000 -0.110211611524949
1046000 -0.115263653442657
1047000 -0.108122077493227
1048000 -0.116076271554404
1049000 -0.112694036527685
1050000 -0.114401998943647
1051000 -0.116822270558768
1052000 -0.111817061696458
1053000 -0.116402408285021
1054000 -0.0834425589181638
1055000 -0.0904663119660395
1056000 -0.0961886677212109
1057000 -0.0884934581753924
1058000 -0.0913441303411071
1059000 -0.0956004221941248
1060000 -0.0883882136260311
1061000 -0.0936503812800787
1062000 -0.0954024325918377
1063000 -0.089488998992751
1064000 -0.105158333370792
1065000 -0.0849662505944228
1066000 -0.083196125637349
1067000 -0.0810022836391491
1068000 -0.0763455236534499
1069000 -0.0805926050721099
1070000 -0.0835127349557853
1071000 -0.0802429869363745
1072000 -0.0803212153409011
1073000 -0.0789088834036791
1074000 -0.0798024207387225
1075000 -0.0850931733116061
1076000 -0.0847125397720446
1077000 -0.0818646816146783
1078000 -0.0766871536145826
1079000 -0.0816157759058512
1080000 -0.0766759973943593
1081000 -0.0769389007334478
1082000 -0.0804017622108645
1083000 -0.0801745174524671
1084000 -0.0848212872654651
1085000 -0.0819240765264966
1086000 -0.083873118091948
1087000 -0.0825770534609102
1088000 -0.0830972708292155
1089000 -0.0846878474610948
1090000 -0.084423972114707
1091000 -0.08622357615273
1092000 -0.0867331098849766
1093000 -0.0878580070166125
1094000 -0.0889924052743774
1095000 -0.0900253872761353
1096000 -0.0914651838944854
1097000 -0.0925016049872517
1098000 -0.0937970749451524
1099000 -0.0948873703069903
1100000 -0.0961205739439216
1101000 -0.0973996232085186
1102000 -0.0985366766432687
1103000 -0.0997146402982806
1104000 -0.100773968018689
1105000 -0.101901477133537
1106000 -0.103029824885319
1107000 -0.104111788464258
1108000 -0.105128206407099
1109000 -0.105963275701213
1110000 -0.0988924629886121
1111000 -0.101934299736141
1112000 -0.102550059208011
1113000 -0.102014221702976
1114000 -0.102884922073725
1115000 -0.103121085929584
1116000 -0.103591844988959
1117000 -0.104205475233705
1118000 -0.104392564838773
1119000 -0.104872743627805
1120000 -0.10514616073335
1121000 -0.105885935006266
1122000 -0.106758096873896
1123000 -0.108072368167347
1124000 -0.109757321976381
1125000 -0.111856862777023
1126000 -0.11409561194637
1127000 -0.115611214491642
1128000 -0.116062190920398
1129000 -0.116252601335068
1130000 -0.115912989110025
1131000 -0.12003750529008
1132000 -0.120694367109488
1133000 -0.120283957469085
1134000 -0.123031619475935
1135000 -0.124189641763282
1136000 -0.125513454771248
1137000 -0.125387934937057
1138000 -0.126844833381241
1139000 -0.126789368419346
1140000 -0.127726021075451
1141000 -0.129416303288194
1142000 -0.129349116191616
1143000 -0.132079650727859
1144000 -0.132199616164552
1145000 -0.134125313832561
1146000 -0.119117800403643
1147000 -0.115100465467193
1148000 -0.110119230557403
1149000 -0.105341802094843
1150000 -0.110065089177681
1151000 -0.116186404641366
1152000 -0.113577444867919
1153000 -0.112823535387423
1154000 -0.116369591187491
1155000 -0.120023803988956
1156000 -0.119832993558908
1157000 -0.121440311592587
1158000 -0.118726980119646
1159000 -0.122897097983085
1160000 -0.121196857218047
1161000 -0.125937288888129
1162000 -0.126297527784674
1163000 -0.127329438934266
1164000 -0.127487681505714
1165000 -0.129539758939569
1166000 -0.131335465704287
1167000 -0.130734468919737
1168000 -0.133837393850144
1169000 -0.133999824892754
1170000 -0.137951376007216
1171000 -0.138007382916442
1172000 -0.140979424972052
1173000 -0.14057694566025
1174000 -0.142564066895839
1175000 -0.142469772276178
1176000 -0.143540485576396
1177000 -0.144908000332212
1178000 -0.146327173371949
1179000 -0.148566107730407
1180000 -0.149431820958751
1181000 -0.153022922746832
1182000 -0.142751344362101
1183000 -0.136029848273511
1184000 -0.140601731336787
1185000 -0.139742406434241
1186000 -0.13906552253576
1187000 -0.141868526848907
1188000 -0.145577838611378
1189000 -0.145461333821702
1190000 -0.143839335662686
1191000 -0.144520349793141
1192000 -0.148886933492966
1193000 -0.151394098339896
1194000 -0.148980565821322
1195000 -0.149614416435639
1196000 -0.1511917543828
1197000 -0.154933226012668
1198000 -0.154709338166575
1199000 -0.119849685278643
1200000 -0.0676754615488215
1201000 -0.0652464650321325
1202000 -0.0544576938970324
1203000 -0.0429281852403336
1204000 -0.026433442232635
1205000 -0.0245621726547661
1206000 -0.0193474703397263
1207000 -0.0203134332793211
1208000 -0.0173342119196597
1209000 -0.0162567111828544
1210000 -0.0171391951984672
1211000 -0.022339394124107
1212000 -0.0213465593299365
1213000 -0.0238334686151584
1214000 -0.0258351181961401
1215000 -0.0230728822851001
1216000 -0.0260421153122959
1217000 -0.0219357871045015
1218000 -0.0246992263547272
1219000 -0.0253764736808104
1220000 -0.0238322387694464
1221000 -0.026595701714852
1222000 -0.0235732965509802
1223000 -0.0266088911717954
1224000 -0.0241559500863083
1225000 -0.027527978794664
1226000 -0.0242021645387967
1227000 -0.0274416161966573
1228000 -0.0231660125411381
1229000 -0.0284756767381561
1230000 -0.0255046024532087
1231000 -0.0272356963405358
1232000 -0.0242849657256907
1233000 -0.0256117220807113
1234000 -0.0273225765558777
1235000 -0.0248252387532294
1236000 -0.0284583190488925
1237000 -0.0265810570384943
1238000 -0.0262679969223863
1239000 -0.0239949578856261
1240000 -0.0285802727662429
1241000 -0.0268838465698308
1242000 -0.025504887574077
1243000 -0.0288453244073115
1244000 -0.0258877251415608
1245000 -0.0295771071309319
1246000 -0.0256149434070926
1247000 -0.0308007258816806
1248000 -0.0265469198542166
1249000 -0.0313516711102683
1250000 -0.0241766880874156
1251000 -0.031323921579267
1252000 -0.0255996811281072
1253000 -0.0300604571582673
1254000 -0.0265909474887151
1255000 -0.0291398543701483
1256000 -0.028100522922058
1257000 -0.0302844613910476
1258000 -0.0303994414253112
1259000 -0.028225915028516
1260000 -0.0327825145580747
1261000 -0.0288021591738425
1262000 -0.0339761536302127
1263000 -0.0283470701468554
1264000 -0.0341652367660015
1265000 -0.0276401620871634
1266000 -0.0318264611554216
1267000 -0.0270253665283149
1268000 -0.0329542338068153
1269000 -0.0313461723387856
1270000 -0.0354431856930417
1271000 -0.0315906446953005
1272000 -0.031306378799638
1273000 -0.0322883353538989
1274000 -0.0319504322090889
1275000 -0.034497410663897
1276000 -0.0329177065577702
1277000 -0.0360529400116734
1278000 -0.0300344441683048
1279000 -0.0349722935878159
1280000 -0.0327988992047811
1281000 -0.0347645473472485
1282000 -0.032994704339515
