#Timestep  sxy 
100000 0.00369957215131886
101000 -0.00766770087178427
102000 0.00175092378456712
103000 -0.0220765657794284
104000 -0.019987613270895
105000 -0.0152595351256295
106000 -0.0206243509717759
107000 -0.021953237957473
108000 -0.0331410988580252
109000 -0.0414380987381818
110000 -0.0604175180022271
111000 -0.0651169741235431
112000 -0.0572050346503325
113000 -0.0539371933531127
114000 -0.0700262239547309
115000 -0.0617815873318682
116000 -0.0894996421565164
117000 -0.0736476970548312
118000 -0.0931367058284255
119000 -0.0982183642584464
120000 -0.0883159999745368
121000 -0.126577844484377
122000 -0.100152445414466
123000 -0.105804524934059
124000 -0.117127859349222
125000 -0.120310788120962
126000 -0.123324116536766
127000 -0.118873458844402
128000 -0.128598795459702
129000 -0.130368569768748
130000 -0.136814335792597
131000 -0.146368519737157
132000 -0.172368029283779
133000 -0.168836498400545
134000 -0.176454504275812
135000 -0.180375085207897
136000 -0.17865942582873
137000 -0.186796875803143
138000 -0.173971960311573
139000 -0.174145596689963
140000 -0.169720043736163
141000 -0.174481502447958
142000 -0.185094436588338
143000 -0.183776101419051
144000 -0.210782834758993
145000 -0.220433441324084
146000 -0.223130321982704
147000 -0.231186710078371
148000 -0.251068297654485
149000 -0.226005121582082
150000 -0.23805479548745
151000 -0.249712883362278
152000 -0.244060805723086
153000 -0.232043033298108
154000 -0.222768582027416
155000 -0.221960214696005
156000 -0.232920316294365
157000 -0.238812581129044
158000 -0.263667639604902
159000 -0.271676693970092
160000 -0.2735955956375
161000 -0.295579422849603
162000 -0.32143979402858
163000 -0.30237012913038
164000 -0.311341133275845
165000 -0.316308303035818
166000 -0.309315970504848
167000 -0.300988635709051
168000 -0.297778976093583
169000 -0.283943658140393
170000 -0.282619030592073
171000 -0.300096929468279
172000 -0.292103066600869
173000 -0.316841862879896
174000 -0.332837039881291
175000 -0.330958389495756
176000 -0.342983480522284
177000 -0.341050253277573
178000 -0.322677628918478
179000 -0.34320465842389
180000 -0.334221106511654
181000 -0.336187636524256
182000 -0.34262849830253
183000 -0.34632333151005
184000 -0.354561216996056
185000 -0.381264546751305
186000 -0.40348516158784
187000 -0.399139513437208
188000 -0.403408391547144
189000 -0.405310069117073
190000 -0.37419669442269
191000 -0.369290377314726
192000 -0.350987551692415
193000 -0.37114142774101
194000 -0.425093722796438
195000 -0.43142349996656
196000 -0.425407873796039
197000 -0.430345808653375
198000 -0.41047012076882
199000 -0.370397018086554
200000 -0.400312751124703
201000 -0.426613679021974
202000 -0.455696092794299
203000 -0.456475036142438
204000 -0.452644577148535
205000 -0.447585119241448
206000 -0.416881178051411
207000 -0.425940008907513
208000 -0.438162672988429
209000 -0.464558183064506
210000 -0.492585571060913
211000 -0.48019322983904
212000 -0.479150169747863
213000 -0.445480145841517
214000 -0.460204090851747
215000 -0.46176511384115
216000 -0.487851306958883
217000 -0.502372526227111
218000 -0.49940972199057
219000 -0.501272392909408
220000 -0.489879829819321
221000 -0.490442249506264
222000 -0.49105866964361
223000 -0.486472426925217
224000 -0.508807918830412
225000 -0.519337792544418
226000 -0.53778362980505
227000 -0.534140264875073
228000 -0.51202305742166
229000 -0.508288008104449
230000 -0.516861429318643
231000 -0.525650324866475
232000 -0.546159429083382
233000 -0.577250348312621
234000 -0.532932980548485
235000 -0.517310992090173
236000 -0.511593813806918
237000 -0.556033115778787
238000 -0.584115233973653
239000 -0.581410054339335
240000 -0.556534941895177
241000 -0.524784828802669
242000 -0.544155482492289
243000 -0.571313483364392
244000 -0.623623975222263
245000 -0.597876137851631
246000 -0.56346514651846
247000 -0.541538357163506
248000 -0.558197762288936
249000 -0.621092535065462
250000 -0.64023832054238
251000 -0.618822482703375
252000 -0.584410292319471
253000 -0.564273652695118
254000 -0.613388781221011
255000 -0.642494721638593
256000 -0.645570614020721
257000 -0.641230983987855
258000 -0.609782181706054
259000 -0.622260442015129
260000 -0.633914172709367
261000 -0.658811166952847
262000 -0.649239093609659
263000 -0.644412433862499
264000 -0.625613350147682
265000 -0.649780241951282
266000 -0.683827200224417
267000 -0.683294233723856
268000 -0.68244770561367
269000 -0.639196821309319
270000 -0.671282513154211
271000 -0.655320202614484
272000 -0.699150160376172
273000 -0.696818636311263
274000 -0.670862668702221
275000 -0.687056600930125
276000 -0.687585324234334
277000 -0.737584486378098
278000 -0.714479193600016
279000 -0.697328015611933
280000 -0.69878746245098
281000 -0.716627875091438
282000 -0.757809603730111
283000 -0.727312158903129
284000 -0.726335315616266
285000 -0.717680593360495
286000 -0.748807288527018
287000 -0.751304614743531
288000 -0.746217505720935
289000 -0.75940099121636
290000 -0.731797633205483
291000 -0.758513553511896
292000 -0.754762486995256
293000 -0.767201819867917
294000 -0.771138474596434
295000 -0.773974661060961
296000 -0.778282085432993
297000 -0.783014474083314
298000 -0.786570448675439
299000 -0.776910688438276
300000 -0.79883274504457
301000 -0.76993085046325
302000 -0.81153282081216
303000 -0.789742407357334
304000 -0.780594478715102
305000 -0.814590083006355
306000 -0.791619265055085
307000 -0.844872349850802
308000 -0.783726515039615
309000 -0.822461856428308
310000 -0.830978295848618
311000 -0.820737984228866
312000 -0.845346549886281
313000 -0.814429638665222
314000 -0.854972673843808
315000 -0.81758945395081
316000 -0.873821400668101
317000 -0.858910741378585
318000 -0.839970102433028
319000 -0.873145948646593
320000 -0.846290536152224
321000 -0.891039412929077
322000 -0.84443969234124
323000 -0.88980060165401
324000 -0.846944769788572
325000 -0.885765989064566
326000 -0.884425718248753
327000 -0.881832472150208
328000 -0.920040673468643
329000 -0.875960971364298
330000 -0.899891109080691
331000 -0.899300627485699
332000 -0.920561200054123
333000 -0.920747811103339
334000 -0.902930940497645
335000 -0.936591744287164
336000 -0.901838421701478
337000 -0.948665196570947
338000 -0.913432779011625
339000 -0.935230901376204
340000 -0.921464583131325
341000 -0.944180998999276
342000 -0.958013745081293
343000 -0.909570629431952
344000 -0.94351936475477
345000 -0.977340370409285
346000 -0.978740703089038
347000 -0.937722726000332
348000 -0.94767179957085
349000 -0.984043736416599
350000 -0.99946613585441
351000 -0.967437217891593
352000 -0.97266647060214
353000 -1.01125388964365
354000 -1.01003081837255
355000 -0.975586221978491
356000 -0.980234041934379
357000 -1.02020969762344
358000 -1.01622930148294
359000 -0.998008856531124
360000 -0.999990225066676
361000 -1.01935459025665
362000 -1.03275618272105
363000 -1.01365088355014
364000 -1.04133701296241
365000 -1.03544843844085
366000 -1.05047209849371
367000 -1.03455885917293
368000 -1.02969765074736
369000 -1.06878595376306
370000 -1.06303883646119
371000 -1.0344891542758
372000 -1.05597732403659
373000 -1.09182470377911
374000 -1.06053631957118
375000 -1.05594660544747
376000 -1.07247797641957
377000 -1.09778173075408
378000 -1.07306814904069
379000 -1.07064414122573
380000 -1.09422706793166
381000 -1.10036543435038
382000 -1.07174171992505
383000 -1.10170518440946
384000 -1.11241061489629
385000 -1.10171798091438
386000 -1.11475552207295
387000 -1.10464785906427
388000 -1.1394477211406
389000 -1.12423046696832
390000 -1.12621649965702
391000 -1.14290123763592
392000 -1.13849066111386
393000 -1.13947808778064
394000 -1.12991696736014
395000 -1.13848131899646
396000 -1.16580124922615
397000 -1.12238739774743
398000 -1.15145192595505
399000 -1.17092350202789
400000 -1.15331904794074
401000 -1.15373857993587
402000 -1.18478340690837
403000 -1.1679086982383
404000 -1.17071497998219
405000 -1.17125872284083
406000 -1.20390751620885
407000 -1.21715687827905
408000 -1.17868837369174
409000 -1.21718594642218
410000 -1.17993841144745
411000 -1.21880876109145
412000 -1.21191638493932
413000 -1.22622559450093
414000 -1.2182028876689
415000 -1.2273972232264
416000 -1.24113417764509
417000 -1.22731026515497
418000 -1.21798449609809
419000 -1.2663396816157
420000 -1.22957284683021
421000 -1.25187618815958
422000 -1.25173000122138
423000 -1.2560342317834
424000 -1.26211255102227
425000 -1.26483156049214
426000 -1.25375048457151
427000 -1.26343292948129
428000 -1.2690493629466
429000 -1.30300529248827
430000 -1.27460575509277
431000 -1.28424448918998
432000 -1.30086811311653
433000 -1.28065979356927
434000 -1.30202251503569
435000 -1.31387343807275
436000 -1.29963171729628
437000 -1.27414717780608
438000 -1.30942313041728
439000 -1.35290978138809
440000 -1.31022333381914
441000 -1.31469264208566
442000 -1.35652842539107
443000 -1.33468221524961
444000 -1.30741735707507
445000 -1.35249703218092
446000 -1.37512241214025
447000 -1.34357656670858
448000 -1.32324348700164
449000 -1.38697706032765
450000 -1.36281243709139
451000 -1.338034540366
452000 -1.3818246750123
453000 -1.38742863805461
454000 -1.34623424451531
455000 -1.37143651224219
456000 -1.40407589889194
457000 -1.39215737617602
458000 -1.37708762035438
459000 -1.41453697046744
460000 -1.39313558709933
461000 -1.38919372361012
462000 -1.40852712524595
463000 -1.41090341806771
464000 -1.4098452249384
465000 -1.42697110154369
466000 -1.42143991800252
467000 -1.40253905252162
468000 -1.4147962023147
469000 -1.47217177221472
470000 -1.43242297697723
471000 -1.42550993396734
472000 -1.45919868794393
473000 -1.45557619814207
474000 -1.43956691199632
475000 -1.48402559921018
476000 -1.45423992665061
477000 -1.46269604133558
478000 -1.46343279550745
479000 -1.45953701849737
480000 -1.49540874858972
481000 -1.50028154538909
482000 -1.45826124511652
483000 -1.47871012580042
484000 -1.49778582752728
485000 -1.45348657668473
486000 -1.48992521268155
487000 -1.52877071542596
488000 -1.5164380749662
489000 -1.46149935019624
490000 -1.55130781973316
491000 -1.50475813474025
492000 -1.4968222116954
493000 -1.54011464539718
494000 -1.52569723402018
495000 -1.49593004976977
496000 -1.54835602653333
497000 -1.54873205044156
498000 -1.52970536711973
499000 -1.53843949054254
500000 -1.56278075279066
501000 -1.54440955740978
502000 -1.56598716517147
503000 -1.56705253955179
504000 -1.55083525435229
505000 -1.58975231858751
506000 -1.55575662648662
507000 -1.58126787679327
508000 -1.60610860175356
509000 -1.56797438995497
510000 -1.58054856254043
511000 -1.62799705614622
512000 -1.55499998783665
513000 -1.56322748942213
514000 -1.64949478418557
515000 -1.5951825249704
516000 -1.57618183598863
517000 -1.64816469431443
518000 -1.61606329253154
519000 -1.58020272861941
520000 -1.66588363136206
521000 -1.63762945454338
522000 -1.59606835418141
523000 -1.65992071819825
524000 -1.67005781814722
525000 -1.61345671455092
526000 -1.66936004440456
527000 -1.68106176751712
528000 -1.61523484960498
529000 -1.69038740004783
530000 -1.6759990935452
531000 -1.6556745991641
532000 -1.67975019887381
533000 -1.67733417100737
534000 -1.68524536351254
535000 -1.68031937431636
536000 -1.68701532570671
537000 -1.7028941640126
538000 -1.72956648500054
539000 -1.67326189485854
540000 -1.71689660967616
541000 -1.74136964226137
542000 -1.68805558091815
543000 -1.72225227707261
544000 -1.74571811303196
545000 -1.68324567351609
546000 -1.75119960240957
547000 -1.75690023270949
548000 -1.70248051947514
549000 -1.74742818746154
550000 -1.75986423617731
551000 -1.7096597389261
552000 -1.80225871152355
553000 -1.77209579685523
554000 -1.73588860747386
555000 -1.81053127654194
556000 -1.74807523542719
557000 -1.77262665265907
558000 -1.79978234120224
559000 -1.75511831541283
560000 -1.78297990048939
561000 -1.83273070928789
562000 -1.76656096515252
563000 -1.7870438054808
564000 -1.83435762798048
565000 -1.77048736664379
566000 -1.83012327509389
567000 -1.85397992966298
568000 -1.77608507995563
569000 -1.85784903390279
570000 -1.85264449149986
571000 -1.78476136621364
572000 -1.85584955694851
573000 -1.854051936331
574000 -1.80153123605674
575000 -1.88532913016176
576000 -1.84985029201979
577000 -1.83170092119212
578000 -1.87631526643698
579000 -1.82844375594129
580000 -1.88756426522226
581000 -1.89931356142329
582000 -1.80952051931868
583000 -1.90539771798042
584000 -1.901626281297
585000 -1.81820706282855
586000 -1.95047171036052
587000 -1.90153347028526
588000 -1.84379642811618
589000 -1.93285158483124
590000 -1.89576188194082
591000 -1.88561894272545
592000 -1.96916425163758
593000 -1.87572355021466
594000 -1.91551079206046
595000 -1.94989133235073
596000 -1.89839922993681
597000 -1.94303350628365
598000 -1.93910381730136
599000 -1.91320524898726
600000 -1.98042037043594
601000 -1.91843550764167
602000 -1.94759459196051
603000 -2.00301547267606
604000 -1.90700190985052
605000 -1.9866943702611
606000 -1.99568874687426
607000 -1.91467710125109
608000 -1.99710623753584
609000 -1.99020241572998
610000 -1.9384760976557
611000 -2.03181860727554
612000 -1.98163452018615
613000 -1.9531710682669
614000 -2.03790540981315
615000 -1.9608105308348
616000 -2.03294157560016
617000 -2.02185712332876
618000 -1.95994921406725
619000 -2.05982151127123
620000 -2.02559065267028
621000 -2.01371908770927
622000 -2.06269560217063
623000 -1.99468616892731
624000 -2.03258592478671
625000 -2.07703496134856
626000 -1.9817874238036
627000 -2.08379719639665
628000 -2.05468670529337
629000 -2.02539843425951
630000 -2.10538434333666
631000 -2.03388868736589
632000 -2.07515453212707
633000 -2.09003353370585
634000 -2.04566615128356
635000 -2.13296308423473
636000 -2.08132216482931
637000 -2.04861360725816
638000 -2.12601423334492
639000 -2.0561689520277
640000 -2.11090946470293
641000 -2.14124720733988
642000 -2.04392510780258
643000 -2.15581107618043
644000 -2.0985678169733
645000 -2.09876348290155
646000 -2.16271548512223
647000 -2.09233459622504
648000 -2.12309036438094
649000 -2.14289011753552
650000 -2.12333665088019
651000 -2.17399303780337
652000 -2.09774009469227
653000 -2.1371258775828
654000 -2.18783944431193
655000 -2.1084876069067
656000 -2.21102624499396
657000 -2.16574128253833
658000 -2.14462127259081
659000 -2.21768528657635
660000 -2.14252749414525
661000 -2.18610378347802
662000 -2.20265129925758
663000 -2.15174250578372
664000 -2.20290025281047
665000 -2.19300204440116
666000 -2.18583225444455
667000 -2.23236124823394
668000 -2.16135980555674
669000 -2.23693923383113
670000 -2.20686375793439
671000 -2.20160482259463
672000 -2.26700937634249
673000 -2.17005349406708
674000 -2.25110463043678
675000 -2.24206971814842
676000 -2.19728181911115
677000 -2.28255651694165
678000 -2.22324642013422
679000 -2.2318155951227
680000 -2.29215021642729
681000 -2.20841126234412
682000 -2.30367176202014
683000 -2.24915030989873
684000 -2.24776452211447
685000 -2.31621149702156
686000 -2.2440158430568
687000 -2.30209911443361
688000 -2.28429862890652
689000 -2.28920121677868
690000 -2.32933821332443
691000 -2.26823572034639
692000 -2.326251260749
693000 -2.29388353607421
694000 -2.29753608281819
695000 -2.38052789592643
696000 -2.24656918457712
697000 -2.34769829958509
698000 -2.32973131908217
699000 -2.3008373818849
700000 -2.37737874314203
701000 -2.29438698401318
702000 -2.35953531241926
703000 -2.35743962318007
704000 -2.33057217502987
705000 -2.38388167963103
706000 -2.31227167536217
707000 -2.38254839405572
708000 -2.38287632341504
709000 -2.33255678504287
710000 -2.41090952952662
711000 -2.33066366799299
712000 -2.40641730890099
713000 -2.4102816175985
714000 -2.32605593870804
715000 -2.43814106478183
716000 -2.38164869886113
717000 -2.40938292885524
718000 -2.4310190792687
719000 -2.36274661159587
720000 -2.46076994861846
721000 -2.40071207061705
722000 -2.41742110096659
723000 -2.44175591446819
724000 -2.40824514444721
725000 -2.46314748214845
726000 -2.38300848781487
727000 -2.48299831837254
728000 -2.46116594978972
729000 -2.428784183941
730000 -2.50143890190519
731000 -2.40258545287366
732000 -2.47882755263117
733000 -2.46358434365163
734000 -2.44404405247003
735000 -2.47765016644384
736000 -2.4437524638254
737000 -2.48629286419779
738000 -2.49989597160088
739000 -2.4740202535901
740000 -2.51960171306051
741000 -2.45273328298113
742000 -2.53329348207553
743000 -2.48272848488189
744000 -2.50788647315789
745000 -2.5194695978983
746000 -2.47696486291403
747000 -2.55261931975575
748000 -2.49341442587821
749000 -2.52859385069327
750000 -2.56289751581814
751000 -2.49490253476058
752000 -2.55322121362736
753000 -2.53832594197268
754000 -2.53437592805246
755000 -2.57723753263737
756000 -2.52438282524924
757000 -2.59646749916967
758000 -2.52718889106574
759000 -2.57332734489091
760000 -2.57177633269085
761000 -2.56683637509939
762000 -2.62697453515067
763000 -2.54362527244146
764000 -2.62278453801766
765000 -2.58981243504137
766000 -2.59004504192966
767000 -2.62256711230964
768000 -2.55928794170976
769000 -2.61446435377101
770000 -2.6180642143286
771000 -2.59419901612024
772000 -2.65897109187789
773000 -2.58046513953668
774000 -2.67110902451619
775000 -2.60629568886187
776000 -2.64135942274511
777000 -2.64578305708747
778000 -2.61025568295702
779000 -2.70290533474359
780000 -2.59471510841367
781000 -2.69095835701211
782000 -2.64526518812221
783000 -2.65104957220926
784000 -2.71535679260852
785000 -2.61601696500481
786000 -2.70345028816515
787000 -2.66645658318368
788000 -2.67969654864051
789000 -2.72977288836499
790000 -2.63866182430107
791000 -2.75048112483597
792000 -2.67202335597496
793000 -2.74577228202677
794000 -2.69159243779758
795000 -2.71379290137352
796000 -2.74813113270232
797000 -2.68686983714533
798000 -2.76753427352259
799000 -2.70039133544408
800000 -2.7103843339942
801000 -2.77087392586547
802000 -2.70406697451506
803000 -2.78199183017006
804000 -2.68899818628995
805000 -2.7839597840222
806000 -2.74563629071119
807000 -2.74186397117918
808000 -2.76974414440374
809000 -2.72938644863373
810000 -2.81316166314761
811000 -2.72562457725097
812000 -2.79947026327129
813000 -2.75336469740946
814000 -2.7697193777905
815000 -2.81631096302078
816000 -2.77042599991292
817000 -2.82910434811058
818000 -2.7408167762377
819000 -2.83193054772031
820000 -2.80907068141085
821000 -2.80571062392269
822000 -2.81636989686568
823000 -2.77950218849155
824000 -2.88501610681325
825000 -2.77457772669673
826000 -2.86357535161783
827000 -2.80281441146439
828000 -2.84224488024277
829000 -2.86668874850383
830000 -2.82731542200395
831000 -2.89754037966483
832000 -2.80715294986588
833000 -2.9114117274437
834000 -2.83444916485333
835000 -2.85535141000393
836000 -2.89054350734015
837000 -2.8659993541007
838000 -2.93114867993746
839000 -2.83342589863051
840000 -2.93789862681228
841000 -2.89253472255977
842000 -2.88702934883555
843000 -2.90675567413682
844000 -2.89006548662256
845000 -2.94497304111327
846000 -2.82434566355848
847000 -2.96923279275128
848000 -2.91584310568065
849000 -2.91744352345515
850000 -2.92670013558143
851000 -2.91410233313028
852000 -2.98769520267623
853000 -2.87307543694406
854000 -2.98527004215095
855000 -2.9200648529585
856000 -2.98022030038186
857000 -2.93975482255429
858000 -2.92191833987351
859000 -3.00036373044849
860000 -2.94020769053572
861000 -2.9925473813853
862000 -2.92977242326134
863000 -3.02982843302654
864000 -2.96583050023191
865000 -2.97540756296507
866000 -3.01583272151589
867000 -2.96275053545642
868000 -3.03830105450417
869000 -2.95934573565187
870000 -3.06727951960664
871000 -2.95980712628783
872000 -3.04824353659091
873000 -3.00698111812495
874000 -3.02677184262144
875000 -3.04444848420158
876000 -3.00011536179374
877000 -3.08254788491001
878000 -3.00720924656285
879000 -3.06550258715262
880000 -3.02271454774026
881000 -3.05233376175158
882000 -3.06176130756345
883000 -3.03408365044978
884000 -3.07938056387176
885000 -3.03487836972474
886000 -3.07717507364389
887000 -3.04640223339423
888000 -3.08515220989712
889000 -3.07110272268026
890000 -3.07512564271723
891000 -3.10367833959447
892000 -3.03954523226941
893000 -3.13499155694378
894000 -3.0659634795194
895000 -3.13538464237119
896000 -3.09185722739444
897000 -3.10510578051338
898000 -3.11128943652953
899000 -3.11771565270019
900000 -3.14193679369382
901000 -3.08724311303069
902000 -3.16317733096387
903000 -3.12034077923112
904000 -3.16855095098798
905000 -3.1007698848418
906000 -3.18370997515625
907000 -3.1396611855429
908000 -3.14790802547242
909000 -3.16702495072153
910000 -3.15052964950753
911000 -3.17778286772096
912000 -3.17820533178694
913000 -3.1889924481765
914000 -3.14472299652846
915000 -3.21682740350492
916000 -3.17834536009861
917000 -3.19020394813558
918000 -3.19785421729671
919000 -3.19208743881608
920000 -3.21755760970676
921000 -3.1911318277793
922000 -3.21786965281061
923000 -3.2184893699685
924000 -3.24440826307255
925000 -3.22845684937268
926000 -3.21475402736491
927000 -3.26328901073601
928000 -3.20322823024445
929000 -3.27160055799566
930000 -3.19183895722603
931000 -3.30946786388161
932000 -3.21762981140207
933000 -3.29045101489857
934000 -3.24789006195087
935000 -3.29243745646807
936000 -3.25353746042032
937000 -3.25474923785089
938000 -3.28218622645671
939000 -3.25047118359591
940000 -3.32150576099185
941000 -3.24320082934049
942000 -3.35083814108681
943000 -3.21778839316137
944000 -3.3515796279999
945000 -3.26894745515108
946000 -3.34921438230766
947000 -3.28574168417708
948000 -3.34344686676473
949000 -3.3077792926215
950000 -3.31442146953791
951000 -3.33168352153036
952000 -3.30594865861553
953000 -3.38217332345936
954000 -3.29134812615872
955000 -3.40695207590553
956000 -3.29319185864393
957000 -3.38953313129826
958000 -3.31693402004946
959000 -3.39621567852539
960000 -3.35837602584734
961000 -3.37321551178167
962000 -3.36600274212786
963000 -3.37935565202877
964000 -3.40472700150629
965000 -3.37123362586067
966000 -3.40626575615026
967000 -3.36157864768738
968000 -3.4286384684806
969000 -3.37687410404551
970000 -3.44509173845813
971000 -3.40098757667839
972000 -3.44349832057185
973000 -3.41965065790915
974000 -3.42446485688403
975000 -3.44451887200861
976000 -3.43498950005288
977000 -3.44479239466357
978000 -3.41481363816616
979000 -3.46337453647072
980000 -3.4364363533706
981000 -3.4560394417493
982000 -3.43006365497161
983000 -3.46897370191462
984000 -3.44153636543934
985000 -3.47140692382797
986000 -3.46957960765804
987000 -3.46658969331327
988000 -3.4863331860133
989000 -3.47052946269924
990000 -3.51281964246365
991000 -3.4640559274163
992000 -3.50627126510118
993000 -3.48149748571916
994000 -3.52264682422804
995000 -3.49154790893437
996000 -3.49778569206547
997000 -3.51587339483032
998000 -3.50641612186119
999000 -3.54308610749714
1000000 -3.50457271259538
1001000 -3.57212518246432
1002000 -3.5021198282302
1003000 -3.60650246414016
1004000 -3.48237085084419
1005000 -3.59214756663165
1006000 -3.49920216149605
1007000 -3.59267191518435
1008000 -3.52765922402183
1009000 -3.5838516635046
1010000 -3.55663037395454
1011000 -3.54984319506612
1012000 -3.59904645473577
1013000 -3.53337914486434
1014000 -3.62451147066647
1015000 -3.51890269532307
1016000 -3.64360888583908
1017000 -3.54290995336998
1018000 -3.67852019034538
1019000 -3.52705443146487
1020000 -3.66656266133452
1021000 -3.55727657659205
1022000 -3.66207067815552
1023000 -3.5639569669561
1024000 -3.65473065156476
1025000 -3.60668140043916
1026000 -3.5975422081854
1027000 -3.65420834810887
1028000 -3.5965980400985
1029000 -3.65994296786549
1030000 -3.56998913015716
1031000 -3.72300744596261
1032000 -3.58034743937538
1033000 -3.72800411083327
1034000 -3.58228578244072
1035000 -3.7299185977593
1036000 -3.59116527812591
1037000 -3.72334292918641
1038000 -3.61623445077194
1039000 -3.74156030567585
1040000 -3.64321633666497
1041000 -3.72382658857716
1042000 -3.64614602383643
1043000 -3.70643324890509
1044000 -3.70347014677666
1045000 -3.67802263217508
1046000 -3.73527131631359
1047000 -3.68118809364209
1048000 -3.73228748950706
1049000 -3.64948529674687
1050000 -3.76044999920026
1051000 -3.66894836775063
1052000 -3.77758917160822
1053000 -3.69042371007789
1054000 -3.76324170525777
1055000 -3.6913285236633
1056000 -3.78121266846103
1057000 -3.72611400010147
1058000 -3.77494745471547
1059000 -3.73881860698593
1060000 -3.80119207824431
1061000 -3.73903665731953
1062000 -3.78333580641332
1063000 -3.7632533751748
1064000 -3.77515178814983
1065000 -3.79213488664103
1066000 -3.74254657094203
1067000 -3.82428522832123
1068000 -3.75512392860374
1069000 -3.86491298000102
1070000 -3.71137552151368
1071000 -3.84110043019431
1072000 -3.74464665120246
1073000 -3.86588072878305
1074000 -3.76312932316032
1075000 -3.86455427048704
1076000 -3.77269245268875
1077000 -3.87494808569686
1078000 -3.7980882301767
1079000 -3.87622774877095
1080000 -3.82838130002437
1081000 -3.84862257131603
1082000 -3.83171292334224
1083000 -3.8798404313994
1084000 -3.8652081686862
1085000 -3.8327393345067
1086000 -3.88097690696701
1087000 -3.84975312389657
1088000 -3.89003600659345
1089000 -3.84025550410984
1090000 -3.91030056047565
1091000 -3.85497753970657
1092000 -3.92810370383693
1093000 -3.85619015992191
1094000 -3.92967018085781
1095000 -3.87769954612122
1096000 -3.94484585645451
1097000 -3.89657680394384
1098000 -3.91626890793004
1099000 -3.90150523657645
1100000 -3.95172882959377
1101000 -3.90537884851228
1102000 -3.93870117935213
1103000 -3.90806793203319
1104000 -3.98312754145848
1105000 -3.91429213056557
1106000 -3.95388422614546
1107000 -3.94600533940822
1108000 -3.94856837386668
1109000 -3.95044379044181
1110000 -3.97590632903174
1111000 -3.97180123460141
1112000 -3.96661273363543
1113000 -3.95797277885568
1114000 -3.99859902032885
1115000 -3.9906933867661
1116000 -3.97099734690133
1117000 -4.00512080879029
1118000 -3.98364157013864
1119000 -4.01401037457779
1120000 -3.99151912560154
1121000 -4.02367235521381
1122000 -3.99534223268085
1123000 -4.0383397235714
1124000 -3.98452388325424
1125000 -4.018486105655
1126000 -4.00951563572321
1127000 -4.05380971915918
1128000 -4.01339731014709
1129000 -4.02472037554692
1130000 -4.02368586330273
1131000 -4.07143882467877
1132000 -4.03413368817618
1133000 -4.06841894827397
1134000 -4.02153345567492
1135000 -4.09106002899335
1136000 -4.03620924697536
1137000 -4.09681598658328
1138000 -4.03673593044255
1139000 -4.10369502341746
1140000 -4.03320756959489
1141000 -4.1007529510501
1142000 -4.0688761323882
1143000 -4.11281731938142
1144000 -4.07865877870706
1145000 -4.12005915718536
1146000 -4.10905364282874
1147000 -4.10375473150411
1148000 -4.10681968656929
1149000 -4.12619483108527
1150000 -4.12902553744617
1151000 -4.13463032868953
1152000 -4.13618194155584
1153000 -4.14190163791908
1154000 -4.1418035918056
1155000 -4.14387477107156
1156000 -4.13812202372757
1157000 -4.14728549349662
1158000 -4.13951659015544
1159000 -4.14139606542454
1160000 -4.18338274859553
1161000 -4.15148344082306
1162000 -4.19643265672899
1163000 -4.1530366986262
1164000 -4.21494499634308
1165000 -4.1552487592693
1166000 -4.18369164664094
1167000 -4.19809613944723
1168000 -4.2107875857527
1169000 -4.17873879616408
1170000 -4.1962491325607
1171000 -4.19310255001495
1172000 -4.24431466740729
1173000 -4.18523178502531
1174000 -4.23384172345606
1175000 -4.20901132383473
1176000 -4.2351936602223
1177000 -4.22499146562153
1178000 -4.23236132071289
1179000 -4.23300578222597
1180000 -4.21790482477331
1181000 -4.26361751324522
1182000 -4.23677959738263
1183000 -4.26958252209474
1184000 -4.2353374570596
1185000 -4.28918348163888
1186000 -4.24990358780087
1187000 -4.2833691527034
1188000 -4.26730130237512
1189000 -4.30573682552548
1190000 -4.27135586292529
1191000 -4.29734919791996
1192000 -4.27197245314603
1193000 -4.31534644062489
1194000 -4.27040476365727
1195000 -4.30810883105063
1196000 -4.32286140490992
1197000 -4.30772017185326
1198000 -4.30300721887432
1199000 -4.33902745984863
1200000 -4.34088467087189
1201000 -4.34091936943667
1202000 -4.31574531890379
1203000 -4.35716208516458
1204000 -4.34162426649513
1205000 -4.34345503520028
1206000 -4.33521076265785
1207000 -4.36630256499957
1208000 -4.3595862800914
1209000 -4.35117059979404
1210000 -4.353843364628
1211000 -4.37454456023699
1212000 -4.40413585914157
1213000 -4.35107401287376
1214000 -4.37813888507922
1215000 -4.3595661721062
1216000 -4.43440322782533
1217000 -4.36294715253095
1218000 -4.41543299020543
1219000 -4.38327617399441
1220000 -4.43841092787707
1221000 -4.35832729602538
1222000 -4.43061998573432
1223000 -4.40251817560344
1224000 -4.44004962426912
1225000 -4.41561945684068
1226000 -4.4080024813203
1227000 -4.41320088918572
1228000 -4.43602291799388
1229000 -4.42550502686952
1230000 -4.42337663389536
1231000 -4.44118806646731
1232000 -4.42524687320395
1233000 -4.48018458908235
1234000 -4.43625448379197
1235000 -4.49439366345322
1236000 -4.45344204590185
1237000 -4.49471351060203
1238000 -4.46504000443473
1239000 -4.47869090299933
1240000 -4.48818223789942
1241000 -4.48172916316801
1242000 -4.47366248991833
1243000 -4.47569799047497
1244000 -4.49569606874326
1245000 -4.49870852421617
1246000 -4.49968714661946
1247000 -4.5074617493105
1248000 -4.51078992924144
1249000 -4.52137329396111
1250000 -4.52890728766513
1251000 -4.53372551118645
1252000 -4.50908450171646
1253000 -4.52669838534
1254000 -4.55194601237985
1255000 -4.53136110314548
1256000 -4.54387216951031
1257000 -4.54517162044973
1258000 -4.55708457265206
1259000 -4.57386502223441
1260000 -4.55841211716509
1261000 -4.56760303885691
1262000 -4.56058236200796
1263000 -4.59842558351128
1264000 -4.53292597044162
1265000 -4.60134999721008
1266000 -4.56424190074606
1267000 -4.61906603293496
1268000 -4.56263964554639
1269000 -4.6289473108626
1270000 -4.58061179139624
1271000 -4.64247476863122
1272000 -4.57017857089372
1273000 -4.63346280590559
1274000 -4.61712725472077
1275000 -4.62155203437566
1276000 -4.63417963665337
1277000 -4.61293901916135
1278000 -4.6488351883045
1279000 -4.62959660213005
1280000 -4.64319878538557
1281000 -4.62599745137295
1282000 -4.64277913868252
1283000 -4.6619179653316
1284000 -4.66241512604259
1285000 -4.61927485758041
1286000 -4.67926902882123
1287000 -4.63888520751856
1288000 -4.69571530885232
1289000 -4.6462769914506
1290000 -4.69698851076636
1291000 -4.67111488705923
1292000 -4.68102172288096
1293000 -4.69463801730119
1294000 -4.68869525453328
1295000 -4.69272744818589
1296000 -4.68011443796153
1297000 -4.72014796285904
1298000 -4.67092295343088
1299000 -4.71621241447318
1300000 -4.69319055671868
1301000 -4.72862088170876
1302000 -4.71395440111969
1303000 -4.71996425715168
1304000 -4.73920658154092
1305000 -4.73377035194132
1306000 -4.757848392976
1307000 -4.73003412867364
1308000 -4.768594827552
1309000 -4.72150528230136
1310000 -4.77133817368143
1311000 -4.74647796796356
1312000 -4.74825132252441
1313000 -4.79499457913224
1314000 -4.75678500660731
1315000 -4.79972607047654
1316000 -4.75992707015184
1317000 -4.81406318337964
1318000 -4.78812470414617
1319000 -4.81829975927729
1320000 -4.78890747381947
1321000 -4.7691701304033
1322000 -4.81102325825267
1323000 -4.82295689606234
1324000 -4.82906471493938
1325000 -4.80440512129679
1326000 -4.8257909719453
1327000 -4.82273859787963
1328000 -4.83953153637165
1329000 -4.81192253288744
1330000 -4.84425618363637
1331000 -4.84019164819302
1332000 -4.83062958091398
1333000 -4.85463864363246
1334000 -4.86177735440519
1335000 -4.81835803358101
1336000 -4.86518728476261
1337000 -4.8483865169802
1338000 -4.8550043039484
1339000 -4.86749305624484
1340000 -4.85381810221126
1341000 -4.89348948297685
1342000 -4.85922049781906
1343000 -4.90195330855076
1344000 -4.88971888207941
1345000 -4.89968342517388
1346000 -4.90763603717697
1347000 -4.8993855346494
1348000 -4.93594214861166
1349000 -4.84579114069241
1350000 -4.96121764958339
1351000 -4.870488724246
1352000 -4.96202571176172
1353000 -4.86552514185344
1354000 -4.96732887327931
1355000 -4.95993726719139
1356000 -4.92433672006663
1357000 -4.94187791377336
1358000 -4.92373702785711
1359000 -4.97261449806605
1360000 -4.94201914928414
1361000 -4.96653516718552
1362000 -4.96474972877932
1363000 -4.93121302481676
1364000 -4.99476607158654
1365000 -4.95117300572827
1366000 -4.97525471432623
1367000 -4.97360079140394
1368000 -5.00442898281993
1369000 -4.98846586319429
1370000 -4.98484170815609
1371000 -5.00092930795859
1372000 -5.00878950154001
1373000 -4.99540024848142
1374000 -5.00937606007813
1375000 -5.00326416178539
1376000 -5.03559003113284
1377000 -4.9824681576885
1378000 -5.02808420497796
1379000 -5.00684399304633
1380000 -5.07225017770786
1381000 -5.00075579398179
1382000 -5.03157933159326
1383000 -5.07541734450377
1384000 -5.04556342455149
1385000 -5.0354907222944
1386000 -5.04677083527733
1387000 -5.04653770286837
1388000 -5.0825765919186
1389000 -5.04512129495719
1390000 -5.0698467508319
1391000 -5.08382914553076
1392000 -5.05222291860929
1393000 -5.09843222037157
1394000 -5.05200740427123
1395000 -5.12248091911367
1396000 -5.06868668215934
1397000 -5.08848586200788
1398000 -5.12149198488803
1399000 -5.07264934245112
1400000 -5.12295965566872
1401000 -5.07402059016345
1402000 -5.12974188526194
1403000 -5.12157968093007
1404000 -5.1038290728473
1405000 -5.16466486991653
1406000 -5.11970738582498
1407000 -5.15215037481094
1408000 -5.12159472508095
1409000 -5.13199893635593
1410000 -5.18794695368524
1411000 -5.157295154381
1412000 -5.14132436806022
1413000 -5.16308995325522
1414000 -5.14919262144756
1415000 -5.20040693375046
1416000 -5.15559584778448
1417000 -5.1749023559956
1418000 -5.16898462800332
1419000 -5.18584651094853
1420000 -5.21219442294157
1421000 -5.17765652874034
1422000 -5.2144721814575
1423000 -5.17942816215419
1424000 -5.21855070084837
1425000 -5.19343393626521
1426000 -5.2055854172868
1427000 -5.22401624926926
1428000 -5.22625318473584
1429000 -5.22154125247981
1430000 -5.22558400233245
1431000 -5.24580716105971
1432000 -5.21622944994219
1433000 -5.19468047129014
1434000 -5.25750916619734
1435000 -5.24585622324365
1436000 -5.24388651944235
1437000 -5.26732967053676
1438000 -5.23120633285319
1439000 -5.3045056145972
1440000 -5.25015801561306
1441000 -5.28745370453486
1442000 -5.26811980290964
1443000 -5.27590052610863
1444000 -5.29208803558856
1445000 -5.29713562070316
1446000 -5.28296804561752
1447000 -5.29937963426608
1448000 -5.30779435180725
1449000 -5.31599633390213
1450000 -5.291722708399
1451000 -5.32102989703452
1452000 -5.30040591931846
1453000 -5.34378901919078
1454000 -5.30196190549545
1455000 -5.31988758995138
1456000 -5.34857991175947
1457000 -5.28970268935001
1458000 -5.37509408977681
1459000 -5.31350262830836
1460000 -5.34982859989389
1461000 -5.35202172066141
1462000 -5.33072592137443
1463000 -5.39894139176656
1464000 -5.35070111124901
1465000 -5.3446688035637
1466000 -5.36916742158214
1467000 -5.35795812889119
1468000 -5.39366143796062
1469000 -5.3505893358192
1470000 -5.37746146064459
1471000 -5.43264722344308
1472000 -5.36004070722824
1473000 -5.40963254323101
1474000 -5.38993845595335
1475000 -5.4317325171409
1476000 -5.39017577686908
1477000 -5.39160503054045
1478000 -5.43369952703278
1479000 -5.39138927705416
1480000 -5.43579284131381
1481000 -5.44937494682108
1482000 -5.39293383372545
1483000 -5.46009885635987
1484000 -5.40241909238441
1485000 -5.44445153614453
1486000 -5.46145855582541
1487000 -5.41824004148721
1488000 -5.47656430194189
1489000 -5.41365500832385
1490000 -5.46057710836413
1491000 -5.46819859162666
1492000 -5.45655849382374
1493000 -5.50062475587842
1494000 -5.43798031128207
1495000 -5.50416444580568
1496000 -5.4846788216593
1497000 -5.48492264844811
1498000 -5.51600921539282
1499000 -5.47168138503114
1500000 -5.52832654514455
1501000 -5.47008571567625
1502000 -5.52500162081527
1503000 -5.5331331504981
1504000 -5.48563161217775
1505000 -5.52574137083415
1506000 -5.49977516338879
1507000 -5.53397694271739
1508000 -5.49651663210377
1509000 -5.53142537302969
1510000 -5.57666313254683
1511000 -5.51994345188688
1512000 -5.55488633549134
1513000 -5.53872955960308
1514000 -5.54655814543336
1515000 -5.57220499056618
1516000 -5.53819183534267
1517000 -5.60458345863072
1518000 -5.57969337939658
1519000 -5.57510721228977
1520000 -5.58136454864974
1521000 -5.5528384883814
1522000 -5.61626551370199
1523000 -5.55764329127598
1524000 -5.62904572665312
1525000 -5.61913769697517
1526000 -5.58322059012856
1527000 -5.62359052332629
1528000 -5.6121635657953
1529000 -5.64940199650182
1530000 -5.61297942790777
1531000 -5.59825718518457
1532000 -5.62853345492985
1533000 -5.61496537652696
1534000 -5.64791709442379
1535000 -5.59820860781474
1536000 -5.66327511271802
1537000 -5.67847618609742
1538000 -5.61382188215912
1539000 -5.65131017177683
1540000 -5.62284011551341
1541000 -5.6798999943272
1542000 -5.67510744193983
1543000 -5.67020580082969
1544000 -5.68080192354961
1545000 -5.64622209464837
1546000 -5.69887192044268
1547000 -5.68539825228679
1548000 -5.67657955754888
1549000 -5.71125811027887
1550000 -5.69754071368942
1551000 -5.7097518189488
1552000 -5.69468764485478
1553000 -5.70769495734958
1554000 -5.73981489383157
1555000 -5.6792741407156
1556000 -5.73043234003197
1557000 -5.69901706108031
1558000 -5.71703043514074
1559000 -5.77225714166172
1560000 -5.72134985833747
1561000 -5.76036207762933
1562000 -5.70121220465383
1563000 -5.75830751976605
1564000 -5.7828112795624
1565000 -5.7400560393902
1566000 -5.81136075080327
1567000 -5.72828615904419
1568000 -5.76929051691845
1569000 -5.78565367860042
1570000 -5.73955511494675
1571000 -5.81983477221986
1572000 -5.76226210177431
1573000 -5.79038385436126
1574000 -5.79415028339349
1575000 -5.75653591846298
1576000 -5.81911856275114
1577000 -5.75391831459814
1578000 -5.82533918270871
1579000 -5.82043252262319
1580000 -5.79129051357646
1581000 -5.82966385210805
1582000 -5.77119754010548
1583000 -5.86235475792581
1584000 -5.83514653894342
1585000 -5.78250818473524
1586000 -5.88766022751802
1587000 -5.76966308537177
1588000 -5.87839572500313
1589000 -5.85581213492855
1590000 -5.83529326046416
1591000 -5.88421678861466
1592000 -5.80589901808112
1593000 -5.87876767267418
1594000 -5.86572241138504
1595000 -5.87459973278055
1596000 -5.87189168401905
1597000 -5.85245063050434
1598000 -5.92542854465621
1599000 -5.9025300819533
1600000 -5.86532401550029
1601000 -5.88582116202692
1602000 -5.85416048781431
1603000 -5.98304417906231
1604000 -5.8839137320031
1605000 -5.87062487527013
1606000 -5.9354832442743
1607000 -5.87021993585798
1608000 -5.95637239533989
1609000 -5.92723567082119
1610000 -5.89746200380907
1611000 -5.95283739771862
1612000 -5.91719813513219
1613000 -5.96731432241503
1614000 -5.90858803441997
1615000 -5.96253822790282
1616000 -5.96379962614574
1617000 -5.89664649821265
1618000 -6.00505725388797
1619000 -5.95217872432334
1620000 -5.97069453965002
1621000 -5.97154776922731
1622000 -5.93878119186415
1623000 -6.00969166902125
1624000 -5.9799810965277
1625000 -5.95118381480129
1626000 -5.99505758698455
1627000 -5.94895081522439
1628000 -6.03706693311471
1629000 -6.0024561460861
1630000 -6.00766084449561
1631000 -6.02988033476004
1632000 -5.98552866794601
1633000 -6.02120120201767
1634000 -6.01027486996976
1635000 -6.03661979515754
1636000 -6.03731744770612
1637000 -5.98182196145706
1638000 -6.03540168200683
1639000 -6.03980894793557
1640000 -6.05294663201009
1641000 -6.05563976458808
1642000 -6.01405242554974
1643000 -6.07797038014335
1644000 -6.0549792465068
1645000 -6.05538065611699
1646000 -6.09328603890674
1647000 -6.01009629576661
1648000 -6.07755587880095
1649000 -6.07756830897038
1650000 -6.0865410015341
1651000 -6.08106012951076
1652000 -6.06419553646964
1653000 -6.11715964763021
1654000 -6.07752731458465
1655000 -6.07545817712213
1656000 -6.10445260620818
1657000 -6.08529610145198
1658000 -6.13888941768975
1659000 -6.12501191063139
1660000 -6.12721874720844
1661000 -6.13501481241316
1662000 -6.11853963024747
1663000 -6.16465160997217
1664000 -6.14050930704161
1665000 -6.13794423182653
1666000 -6.14541202542036
1667000 -6.11840551349027
1668000 -6.1389561767977
1669000 -6.15789583079439
1670000 -6.14554390088145
1671000 -6.17625777169965
1672000 -6.15497553743643
1673000 -6.16031979124763
1674000 -6.19507369195372
1675000 -6.16876487641511
1676000 -6.17701570502677
1677000 -6.17333627854175
1678000 -6.19519379903553
1679000 -6.19953263769252
1680000 -6.17150966138521
1681000 -6.19495957369127
1682000 -6.19854173235869
1683000 -6.20718748272478
1684000 -6.24983086717319
1685000 -6.22189992728861
1686000 -6.22809756344348
1687000 -6.18790534500971
1688000 -6.20977789804362
1689000 -6.26589292918843
1690000 -6.25367824658318
1691000 -6.25168282044039
1692000 -6.22028517940027
1693000 -6.22566099003063
1694000 -6.2531797701695
1695000 -6.25839780463314
1696000 -6.2556580344849
1697000 -6.22320345238375
1698000 -6.25515101876695
1699000 -6.29047255750621
1700000 -6.27743376542057
1701000 -6.26969332170667
1702000 -6.28305867387416
1703000 -6.29433417492915
1704000 -6.27595899110931
1705000 -6.2939187342585
1706000 -6.28858805289355
1707000 -6.28207805860399
1708000 -6.30667281410974
1709000 -6.30131441664888
1710000 -6.28098795612888
1711000 -6.30995589108815
1712000 -6.31235657933761
1713000 -6.2991147023775
1714000 -6.34592618572239
1715000 -6.29353537001941
1716000 -6.30859927455305
1717000 -6.31525644819423
1718000 -6.32559657721028
1719000 -6.34950265937977
1720000 -6.33199266246756
1721000 -6.35454990742429
1722000 -6.34777711430967
1723000 -6.34645865589499
1724000 -6.37836971664469
1725000 -6.35546785907986
1726000 -6.36068719027965
1727000 -6.35543605901836
1728000 -6.36763447372956
1729000 -6.41311308810679
1730000 -6.39609780503606
1731000 -6.37803617899458
1732000 -6.39379710583969
1733000 -6.36765861325504
1734000 -6.40383829284997
1735000 -6.39699776557213
1736000 -6.39066215741542
1737000 -6.42778828381258
1738000 -6.41467845448553
1739000 -6.42665581491657
1740000 -6.44363090468246
1741000 -6.40927771631712
1742000 -6.43687016217028
1743000 -6.42544883789358
1744000 -6.40451940491778
1745000 -6.45032959648758
1746000 -6.42588168054996
1747000 -6.47337747022329
1748000 -6.46026947117883
1749000 -6.44997591900089
1750000 -6.46100124062907
1751000 -6.46811980986189
1752000 -6.45853899216259
1753000 -6.46755892422559
1754000 -6.48698836021583
1755000 -6.47009726873911
1756000 -6.48634608005868
1757000 -6.51694300221152
1758000 -6.49374894750004
1759000 -6.51142620915694
1760000 -6.48000616504412
1761000 -6.51474379733007
1762000 -6.491029216399
1763000 -6.49367516909166
1764000 -6.53825298212647
1765000 -6.50211420703673
1766000 -6.52724463448071
1767000 -6.51814016508909
1768000 -6.49837509767744
1769000 -6.5545339866127
1770000 -6.5294986750778
1771000 -6.53869371596183
1772000 -6.55582164785807
1773000 -6.55136045772957
1774000 -6.56899479115247
1775000 -6.56728392366513
1776000 -6.53516773407579
1777000 -6.55564813423879
1778000 -6.57119175152061
1779000 -6.55653877651683
1780000 -6.59812424812498
1781000 -6.56922239897325
1782000 -6.57326420987441
1783000 -6.60352930603039
1784000 -6.57875649607081
1785000 -6.62578567871987
1786000 -6.6095761659101
1787000 -6.59644002955254
1788000 -6.64151976053663
1789000 -6.59732418652769
1790000 -6.60279465514276
1791000 -6.61996977306732
1792000 -6.59158321545646
1793000 -6.65231531433829
1794000 -6.63332083391582
1795000 -6.65059749887746
1796000 -6.67305384568333
1797000 -6.6219381664951
1798000 -6.6289824730228
1799000 -6.63402610156677
1800000 -6.6414161006767
1801000 -6.6576332088059
1802000 -6.61511391758728
1803000 -6.66723962950974
1804000 -6.66814927800453
1805000 -6.64129306431436
1806000 -6.69759306687458
1807000 -6.6761868782586
1808000 -6.68542716801024
1809000 -6.70813802365987
1810000 -6.6777919764453
1811000 -6.68027778523776
1812000 -6.68563743229923
1813000 -6.69515268722352
1814000 -6.71880270560118
1815000 -6.71185782034406
1816000 -6.70672243829004
1817000 -6.7276845722778
1818000 -6.71131595667915
1819000 -6.70876340415547
1820000 -6.76428481535719
1821000 -6.73356265410437
1822000 -6.72750618949097
1823000 -6.74163199447409
1824000 -6.74698925130329
1825000 -6.76232673348793
1826000 -6.74064995963386
1827000 -6.72297569715266
1828000 -6.76640826135801
1829000 -6.74092749520846
1830000 -6.74081379366965
1831000 -6.75844452447264
1832000 -6.73828364212271
1833000 -6.77097584913565
1834000 -6.81185337117424
1835000 -6.75785562541416
1836000 -6.76896159743069
1837000 -6.79069379008909
1838000 -6.77612035448383
1839000 -6.81373542502533
1840000 -6.77831640209187
1841000 -6.80555085123109
1842000 -6.81823038659028
1843000 -6.81871924250097
1844000 -6.8028087567163
1845000 -6.79504582751529
1846000 -6.81062655201884
1847000 -6.83104369239699
1848000 -6.83094413415777
1849000 -6.84367429348794
1850000 -6.85115630796053
1851000 -6.83924938547207
1852000 -6.8356809460735
1853000 -6.8412954275349
1854000 -6.8399781635482
1855000 -6.84210290545954
1856000 -6.84862519784318
1857000 -6.84601421459872
1858000 -6.85938754638569
1859000 -6.86755303178623
1860000 -6.88795478681645
1861000 -6.82765573554247
1862000 -6.88428927417799
1863000 -6.87033313167034
1864000 -6.84702473296737
1865000 -6.87295259213493
1866000 -6.86773423084521
1867000 -6.88250546925873
1868000 -6.90839454671527
1869000 -6.89388703930199
1870000 -6.9070841080492
1871000 -6.9355008348845
1872000 -6.91393662405851
1873000 -6.92496853241574
1874000 -6.91145111844809
1875000 -6.89082917411791
1876000 -6.92838438632825
1877000 -6.93897320795693
1878000 -6.92479241229576
1879000 -6.95363118404326
1880000 -6.93655596861005
1881000 -6.94857685967485
1882000 -6.94487698377508
1883000 -6.920940633492
1884000 -6.99046027770636
1885000 -6.97856810333375
1886000 -6.95409068191664
1887000 -6.98362723476394
1888000 -6.96927184632028
1889000 -6.97448706009044
1890000 -6.99333014734325
1891000 -6.9944147581365
1892000 -6.97832637671223
1893000 -6.98779397852866
1894000 -6.95139288667606
1895000 -7.00419312410847
1896000 -7.02032505766363
1897000 -7.02544958172442
1898000 -7.04444762069658
1899000 -7.01756031060639
1900000 -7.02537156080777
1901000 -7.02601237571291
1902000 -6.99740092539811
1903000 -6.98903249031633
1904000 -7.03136589795573
1905000 -7.0335552696611
1906000 -7.04599689634935
1907000 -7.05976008075888
1908000 -7.03228697511186
1909000 -7.03956676551309
1910000 -7.07327448107073
1911000 -7.06458514736367
1912000 -7.06745241237717
1913000 -7.06490399500481
1914000 -7.09467004096913
1915000 -7.08254885646591
1916000 -7.06820717796657
1917000 -7.05334933794912
1918000 -7.10179870860722
1919000 -7.10082399624423
1920000 -7.07894937368065
1921000 -7.11887921655236
1922000 -7.13127233903315
1923000 -7.1256283632923
1924000 -7.07986119118888
1925000 -7.11447948796108
1926000 -7.1435698522257
1927000 -7.13381825672042
1928000 -7.13612022477785
1929000 -7.13605735260704
1930000 -7.1485739308059
1931000 -7.15908684199198
1932000 -7.13199118854394
1933000 -7.13369148823629
1934000 -7.14535669533353
1935000 -7.14327868090352
1936000 -7.17737309034278
1937000 -7.17048068632816
1938000 -7.16038729318082
1939000 -7.17846283562611
1940000 -7.16150763520226
1941000 -7.1937838973156
1942000 -7.19010536004914
1943000 -7.18049361694388
1944000 -7.21096663016279
1945000 -7.18693154412097
1946000 -7.18637353785836
1947000 -7.19802936240774
1948000 -7.20255819807054
1949000 -7.21054030932254
1950000 -7.21948458513177
1951000 -7.22301359113109
1952000 -7.22684884228919
1953000 -7.20630027897639
1954000 -7.20918671210874
1955000 -7.22516265954008
1956000 -7.2554113151867
1957000 -7.20703125191308
1958000 -7.21830904166703
1959000 -7.25122201109415
1960000 -7.24944224795909
1961000 -7.25668103607394
1962000 -7.24052756719048
1963000 -7.23052557844063
1964000 -7.28029782395138
1965000 -7.23926097744517
1966000 -7.25570665397978
1967000 -7.29159133404807
1968000 -7.2369804150651
1969000 -7.27986087429452
1970000 -7.31488561697786
1971000 -7.28533024005348
1972000 -7.31171708839819
1973000 -7.28608452178499
1974000 -7.27437306339138
1975000 -7.27107783558434
1976000 -7.28706824781133
1977000 -7.29955935165099
1978000 -7.32560534912121
1979000 -7.28867214469654
1980000 -7.30811347892134
1981000 -7.32709986581235
1982000 -7.30473612778787
1983000 -7.32467956227242
1984000 -7.32732944867211
1985000 -7.30715064527939
1986000 -7.35084971430931
1987000 -7.29873301453499
1988000 -7.33064928453482
1989000 -7.37505201692233
1990000 -7.31183460198201
1991000 -7.30360746555163
1992000 -7.34394235130886
1993000 -7.34156241922193
1994000 -7.35785146400531
1995000 -7.35471828347929
1996000 -7.33538483554317
1997000 -7.39152453321526
1998000 -7.36629692736937
1999000 -7.36078853946373
2000000 -7.42797408659276
2001000 -7.37916940288049
2002000 -7.36240246784456
2003000 -7.40934980046729
2004000 -7.3876986598708
2005000 -7.40057935466363
2006000 -7.41257893550102
2007000 -7.37053030132108
2008000 -7.43855313946611
2009000 -7.41764262422956
2010000 -7.39782876317622
2011000 -7.44158617340915
2012000 -7.42509152444319
2013000 -7.39230032222356
2014000 -7.42971416596899
2015000 -7.39981261942636
2016000 -7.4276336815217
2017000 -7.4391833272346
2018000 -7.42517060679234
2019000 -7.43346235345693
2020000 -7.47441989317888
2021000 -7.4868531467955
2022000 -7.48934560385259
2023000 -7.46359754929592
2024000 -7.46270576682637
2025000 -7.44665622481182
2026000 -7.46199678588084
2027000 -7.44801743138207
2028000 -7.48035233141975
2029000 -7.46785150337379
2030000 -7.51682752815468
2031000 -7.53198199994124
2032000 -7.49109738947984
2033000 -7.52478665110521
2034000 -7.48146407057512
2035000 -7.4655982374855
2036000 -7.53142674529563
2037000 -7.52062985495618
2038000 -7.52140414249504
2039000 -7.5477078543634
2040000 -7.48066335935607
2041000 -7.51542749024463
2042000 -7.55056575847627
2043000 -7.56377416476
2044000 -7.54632684532105
2045000 -7.54359309487459
2046000 -7.53950080683469
2047000 -7.56107222450873
2048000 -7.54257384698777
2049000 -7.54482685070809
2050000 -7.59669966366406
2051000 -7.58631921044892
2052000 -7.56617565393007
2053000 -7.58146731737426
2054000 -7.57848810186006
2055000 -7.56175492831771
2056000 -7.58685866699873
2057000 -7.57478917107997
2058000 -7.57272607448004
2059000 -7.57182507855264
2060000 -7.5683705428443
2061000 -7.5886051275071
2062000 -7.61485969967618
2063000 -7.66370440030458
2064000 -7.62128815124914
2065000 -7.63055856189288
2066000 -7.61629953629806
2067000 -7.58730732426759
2068000 -7.58071559486562
2069000 -7.61467073264723
2070000 -7.64527683462157
2071000 -7.61264834897006
2072000 -7.59930352855261
2073000 -7.64536743389533
2074000 -7.61380265566718
2075000 -7.61616764528174
2076000 -7.65770678427091
2077000 -7.65215002282797
2078000 -7.66713863456917
2079000 -7.66649605784368
2080000 -7.64395403755824
2081000 -7.69339771999457
2082000 -7.70505748758352
2083000 -7.68090690401409
2084000 -7.71676426329691
2085000 -7.64635009762166
2086000 -7.69593342562393
2087000 -7.74119746462434
2088000 -7.72448641963475
2089000 -7.71052618944624
2090000 -7.71259554265183
2091000 -7.67870411491914
2092000 -7.71576852831033
2093000 -7.73630823857713
2094000 -7.70482075849563
2095000 -7.72934222374483
2096000 -7.71519305528214
2097000 -7.71501887572274
2098000 -7.73957702445877
2099000 -7.68293166841715
2100000 -7.75477614705024
2101000 -7.75846786967079
2102000 -7.71293935557879
2103000 -7.72871079822902
2104000 -7.73930296488521
2105000 -7.73691924171392
2106000 -7.78690799559827
2107000 -7.7562910581678
2108000 -7.73494306087152
2109000 -7.79716028679883
2110000 -7.77029181858679
2111000 -7.76120194902491
2112000 -7.81084195072176
2113000 -7.7765839091576
2114000 -7.79127819333207
2115000 -7.85664082056692
2116000 -4.40205251559911
2117000 0.0772393198695225
2118000 0.103477122982586
2119000 -0.514959726576842
2120000 0.360576162205489
2121000 -0.00279947018326818
2122000 -0.116877305872646
2123000 0.0795716803204267
2124000 -0.0707831561547786
2125000 0.142944945108666
2126000 0.0290257248844768
2127000 0.0874944203574253
2128000 0.231315266267468
2129000 0.191165899207146
2130000 0.123014991612053
2131000 0.221642847268868
2132000 0.044898630288048
2133000 0.160961500334372
2134000 0.280234449852676
2135000 0.199640211237714
2136000 0.233146476928774
2137000 0.285565166420029
2138000 0.326968354188288
2139000 0.157041780196622
2140000 0.310065285424484
2141000 0.248925700534281
2142000 0.310763549478853
2143000 0.343614138816203
2144000 0.366627029698992
2145000 0.326700421175187
2146000 0.312796187125263
2147000 0.37103458579502
2148000 0.34933539814076
2149000 0.394675535567815
2150000 0.421065168465532
2151000 0.414499223888643
2152000 0.401981875715589
2153000 0.515643968447654
2154000 0.394699270036745
2155000 0.524471347162638
2156000 0.494662882309678
2157000 0.468511012679885
2158000 0.616039602787806
2159000 0.445042493159642
2160000 0.561059920631706
2161000 0.459841491028933
2162000 0.445264898497681
2163000 0.581538839573289
2164000 0.484420632328657
2165000 0.501821750382179
2166000 0.456884513775208
2167000 0.523950387237652
2168000 0.479088160363398
2169000 0.508965233655814
2170000 0.547594735580627
2171000 0.510937059840284
2172000 0.52519700858545
2173000 0.457693675204554
2174000 0.56086631073571
2175000 0.520690435276334
2176000 0.499326757222667
2177000 0.459029131742636
2178000 0.501055139770781
2179000 0.57043992839035
2180000 0.411458273698773
2181000 0.549438641512245
2182000 0.486464136533808
2183000 0.456485601100652
2184000 0.519803860201032
2185000 0.526740485683767
2186000 0.541936658399923
2187000 0.471620785129695
2188000 0.640220683428042
2189000 0.553347127884622
2190000 0.535974120921436
2191000 0.454584258376679
2192000 0.542359786811327
2193000 0.490472496573993
2194000 0.53083155911794
2195000 0.488978367885742
2196000 0.480667096745138
2197000 0.48550151562208
2198000 0.491127323366323
2199000 0.495747781325273
2200000 0.573443699235761
2201000 0.407839015121729
2202000 0.452821923516431
2203000 0.515015939538234
2204000 0.419369965224085
2205000 0.502764209573518
2206000 0.51473045518483
2207000 0.545897674100421
2208000 0.481267182292703
2209000 0.642319218116529
2210000 0.508237198322209
2211000 0.605867643005644
2212000 0.585970877230047
2213000 0.607313498429607
2214000 0.434151594737686
2215000 0.503455154314181
2216000 0.461839362310838
2217000 0.497996427297686
2218000 0.503044522436614
2219000 0.529750561756674
2220000 0.460136452734643
2221000 0.544140332997108
2222000 0.413321651504443
2223000 0.49479208715787
2224000 0.501751679833975
2225000 0.558312227833343
2226000 0.51117978156021
2227000 0.50297036311798
2228000 0.561594215479408
2229000 0.490634237209646
2230000 0.502287991238309
2231000 0.495025403893683
2232000 0.486732498703051
2233000 0.502705121512743
2234000 0.498702908449227
2235000 0.512978875804955
2236000 0.583540132910968
2237000 0.600743390926448
2238000 0.492002468018236
2239000 0.595998495608759
2240000 0.475143969114612
2241000 0.585174478699001
2242000 0.563996635759274
2243000 0.425327623318795
2244000 0.547285053392778
2245000 0.456368070807082
2246000 0.437197288006723
2247000 0.475502925998071
2248000 0.491968238462181
2249000 0.410556838542048
2250000 0.380991517691367
2251000 0.436895973741451
2252000 0.503232686516923
2253000 0.54159160279528
2254000 0.48715672963719
2255000 0.444040617702273
2256000 0.566450096193192
2257000 0.595608162835735
2258000 0.606322268194304
2259000 0.619355307097929
2260000 0.599663205193713
2261000 0.653857117159647
2262000 0.578301305252701
2263000 0.627330803711176
2264000 0.528206423735157
2265000 0.648530132179789
2266000 0.576051011169991
2267000 0.549343904416789
2268000 0.674966924155346
2269000 0.651913980559266
2270000 0.553485027320333
2271000 0.678981836914829
2272000 0.620648679388359
2273000 0.596426780873762
2274000 0.620746201446848
2275000 0.613478543163099
2276000 0.570475574299973
2277000 0.686651254836106
2278000 0.50940641074981
2279000 0.481682639877279
2280000 0.594827490195407
2281000 0.640720238253325
2282000 0.514999029221864
2283000 0.602356872473782
2284000 0.524211183813771
2285000 0.497907277975839
2286000 0.512777857147988
2287000 0.606029949914874
2288000 0.626868942280102
2289000 0.527350539324892
2290000 0.509653387530484
2291000 0.572202383528197
2292000 0.615661052107019
2293000 0.478001855943335
2294000 0.527774170493173
2295000 0.551528975499334
2296000 0.453077592921822
2297000 0.548542701887474
2298000 0.547741555814284
2299000 0.612781404808359
2300000 0.512504914488574
2301000 0.600378911499362
2302000 0.464812415318686
2303000 0.638848532395196
2304000 0.52135862260611
2305000 0.590986544139145
2306000 0.628715151213493
2307000 0.563241122250982
2308000 0.625661667384987
2309000 0.533132773823547
2310000 0.579969347284902
2311000 0.544786212741513
2312000 0.624254734481586
2313000 0.505271700823274
2314000 0.532709176367899
2315000 0.526262859076588
2316000 0.603276839457271
2317000 0.58253057580716
2318000 0.5944543343718
2319000 0.54661872597064
2320000 0.585486499311869
2321000 0.597762315447875
2322000 0.578822649023841
2323000 0.594963296370695
2324000 0.585126392643672
2325000 0.484061044792693
2326000 0.638228092939233
2327000 0.534233591322119
2328000 0.573549126322213
2329000 0.567247407150282
2330000 0.596443950054141
2331000 0.535769232328422
2332000 0.540400809050459
2333000 0.533438184523252
2334000 0.619486869595452
2335000 0.512903936072591
2336000 0.597200668043956
2337000 0.519551008857656
2338000 0.508435823094906
2339000 0.572178585238157
2340000 0.559245541877858
2341000 0.419428577450611
2342000 0.459647167972475
2343000 0.413807296203683
2344000 0.57988593194475
2345000 0.564164377813052
2346000 0.468450380866948
2347000 0.528867663583702
2348000 0.549214603125592
2349000 0.502226494956478
2350000 0.517365647658137
2351000 0.585233656875343
2352000 0.554042782198719
2353000 0.439898014547817
2354000 0.553200902785651
2355000 0.521976555923774
2356000 0.545548212078895
2357000 0.56683910871307
2358000 0.512636997495625
2359000 0.561019336274387
2360000 0.514812042082066
2361000 0.493449587660135
2362000 0.506737537620054
2363000 0.494568579000033
2364000 0.502327272177871
2365000 0.564288231382971
2366000 0.477915120459165
2367000 0.454482963503833
2368000 0.510309608835167
2369000 0.4317366670319
2370000 0.552018239554529
2371000 0.515419006360596
2372000 0.432446593548433
2373000 0.490350928620359
2374000 0.4575554239053
2375000 0.510493114798828
2376000 0.410817827162997
2377000 0.544568216571247
2378000 0.482102181057339
2379000 0.533991196909852
2380000 0.50147349525281
2381000 0.461250085464988
2382000 0.452696922596761
2383000 0.471626061719676
2384000 0.497318887369206
2385000 0.442685194714046
2386000 0.409272553725546
2387000 0.434915813607945
2388000 0.415747010323705
2389000 0.454001600133175
2390000 0.437769409290746
2391000 0.414540515466235
2392000 0.464136725325201
2393000 0.430143692983465
2394000 0.491597214555711
2395000 0.469703694170725
2396000 0.458012836072106
2397000 0.363886765108852
2398000 0.489040818588256
2399000 0.460011183536363
2400000 0.456587291984274
2401000 0.434754489499011
2402000 0.494721270950997
2403000 0.360345554210738
2404000 0.454904102388021
2405000 0.428942928738693
2406000 0.448485951599154
2407000 0.41813019871368
2408000 0.414420952341839
2409000 0.487382203507747
2410000 0.451304084341764
2411000 0.426633152291252
2412000 0.473779430895056
2413000 0.475124173350102
2414000 0.377529372804981
2415000 0.503871987691202
2416000 0.498464556220027
2417000 0.397229622597916
2418000 0.503533408029635
2419000 0.50534511192118
2420000 0.411529676600787
2421000 0.400748539041535
2422000 0.341791523453268
2423000 0.421834712724748
2424000 0.371580412630472
2425000 0.456944230757814
2426000 0.348833778153688
2427000 0.402413702538738
2428000 0.42808041357507
2429000 0.411187039348523
2430000 0.394901954321582
2431000 0.381986545720384
2432000 0.433517780005117
2433000 0.398207254850735
2434000 0.413972790546124
2435000 0.443226121679601
2436000 0.476370083487602
2437000 0.398526404409975
2438000 0.439979173623885
2439000 0.415096249411712
2440000 0.419455799629988
2441000 0.431703904511214
2442000 0.39207175446857
2443000 0.357277639211306
2444000 0.437945141972493
2445000 0.377523373632669
2446000 0.375572434447703
2447000 0.306172562710844
2448000 0.309140425391616
2449000 0.414487089220738
2450000 0.341998886516894
2451000 0.325503434613677
2452000 0.377753586578404
2453000 0.438375421498488
2454000 0.342625233838779
2455000 0.406621628454711
2456000 0.356409516988449
2457000 0.419351490267769
2458000 0.33776123853382
2459000 0.418794005630503
2460000 0.38644201532939
2461000 0.374621609074685
2462000 0.472276790291686
2463000 0.351257011610693
2464000 0.357135309552665
2465000 0.393977853131761
2466000 0.416264953734417
2467000 0.300751547830142
2468000 0.347820276647126
2469000 0.384345943822534
2470000 0.36167209371633
2471000 0.380154260645388
2472000 0.296651454239884
2473000 0.422016312821476
2474000 0.250582643985584
2475000 0.382593234360312
2476000 0.367360067021949
2477000 0.443982329698958
2478000 0.368475876242212
2479000 0.365734757703584
2480000 0.369326448771953
2481000 0.436591378463731
2482000 0.340035981035859
2483000 0.351307485434609
2484000 0.458094265645168
2485000 0.355157547148871
2486000 0.301732164647366
2487000 0.343252896289934
2488000 0.349670587873761
2489000 0.379409882789432
2490000 0.403662625599953
2491000 0.389272959751382
2492000 0.417453437171845
2493000 0.382348719093635
2494000 0.326531115469208
2495000 0.386399152760329
2496000 0.386135137152818
2497000 0.39980828235782
2498000 0.438836430908276
2499000 0.362002417662762
2500000 0.433957073996191
2501000 0.425302844087401
2502000 0.311261638190985
2503000 0.385228646813017
2504000 0.359222791382478
2505000 0.327566386238465
2506000 0.333628589848475
2507000 0.310378219371411
2508000 0.414858549966798
2509000 0.287403016913028
2510000 0.454526012075624
2511000 0.303369350470056
2512000 0.369057227516802
2513000 0.340206130002274
2514000 0.340254120201509
2515000 0.313366168699605
2516000 0.35782236032037
2517000 0.377982933430015
2518000 0.330534966180653
2519000 0.308228851457301
2520000 0.338075527080797
2521000 0.320765509927152
2522000 0.341616728683037
2523000 0.28198895118377
2524000 0.354561792381386
2525000 0.317366477196029
2526000 0.320370513178375
2527000 0.343114913859227
2528000 0.377591092206834
2529000 0.385792112961866
2530000 0.265976277272116
2531000 0.34024185073159
2532000 0.381596283601791
2533000 0.335031595215166
2534000 0.258892589001962
2535000 0.363255533509114
2536000 0.369715745027051
2537000 0.175737835243026
2538000 0.309520330060843
2539000 0.330920436222891
2540000 0.40247426472311
2541000 0.363940890349031
2542000 0.370883626954068
2543000 0.322208303722374
2544000 0.329104584322182
2545000 0.314082786627154
2546000 0.263013072109212
2547000 0.279845960513028
2548000 0.303444635503707
2549000 0.303809750711134
2550000 0.323054678107874
2551000 0.352939237978966
2552000 0.253392460429317
2553000 0.45671761007701
2554000 0.325652539548268
2555000 0.321121300577269
2556000 0.365099626448425
2557000 0.31649858765638
2558000 0.348488109848333
2559000 0.302517424669972
2560000 0.343575084479611
2561000 0.29615592995863
2562000 0.31882332352253
2563000 0.365864992196532
2564000 0.349531356650078
2565000 0.362946588469848
2566000 0.37793431558193
2567000 0.308234516395957
2568000 0.265851475625516
2569000 0.31503098663756
2570000 0.256129922201692
2571000 0.331832343022518
2572000 0.327373579713006
2573000 0.338042427568655
2574000 0.315795892792332
2575000 0.390648686468576
2576000 0.309246286555769
2577000 0.340008482381753
2578000 0.230033456279458
2579000 0.387821296290136
2580000 0.278812540025054
2581000 0.332693899136166
2582000 0.198944315938653
2583000 0.274404695097105
2584000 0.32190847171879
2585000 0.304892825987207
2586000 0.280175635798073
2587000 0.335994726303559
2588000 0.268781730161649
2589000 0.263611919085034
2590000 0.309852912789965
2591000 0.300660820347156
2592000 0.284315987084686
2593000 0.208289585410939
2594000 0.323858964585032
2595000 0.318564437983774
2596000 0.351352162344453
2597000 0.276012158990368
2598000 0.344340206311607
2599000 0.295449589051495
2600000 0.253400834840792
2601000 0.256190736414917
2602000 0.400371841157655
2603000 0.369123031352312
2604000 0.435015782044546
2605000 0.205361920145996
2606000 0.332472264330354
2607000 0.354367283676897
2608000 0.31993790352312
2609000 0.313774203937749
2610000 0.39084670368964
2611000 0.281648443381187
2612000 0.340876023345131
2613000 0.311248555159791
2614000 0.33959137230038
2615000 0.272589899131862
2616000 0.338747970039303
2617000 0.341109639604377
2618000 0.315278511397177
2619000 0.308174198887854
2620000 0.31067456559977
2621000 0.346222345748485
2622000 0.314826396657126
2623000 0.259534085116815
2624000 0.425663253426299
2625000 0.335650020687554
2626000 0.307640641430031
2627000 0.305968684579231
2628000 0.391302909725852
2629000 0.268852686872041
2630000 0.374489425359633
2631000 0.259825216558987
2632000 0.241915830861159
2633000 0.298422486411652
2634000 0.235159768557953
2635000 0.354282172445716
2636000 0.304044096715573
2637000 0.283892463784646
2638000 0.288395556105677
2639000 0.345760034164904
2640000 0.218142350422751
2641000 0.352118813798204
2642000 0.262627941331671
2643000 0.371435981813108
2644000 0.269969238581341
2645000 0.24156909968102
2646000 0.330280793174813
2647000 0.241585420375264
2648000 0.280874774253328
2649000 0.199158037626206
2650000 0.327878931362546
2651000 0.27521750108583
2652000 0.262483767477836
2653000 0.233694394653566
2654000 0.225831502919687
2655000 0.278852350155029
2656000 0.153187970888878
2657000 0.290395536388568
2658000 0.200497436635967
2659000 0.259096803587049
2660000 0.239713435347103
2661000 0.229310426532292
2662000 0.212980088773705
2663000 0.236128654514528
2664000 0.227529113744431
2665000 0.268272511922242
2666000 0.21803204761952
2667000 0.23114786298248
2668000 0.234689629558748
2669000 0.311859993928747
2670000 0.184587366479658
2671000 0.225649584032514
2672000 0.228965444108047
2673000 0.267082415912902
2674000 0.224117128804615
2675000 0.233773983597541
2676000 0.234363013438458
2677000 0.187281165266365
2678000 0.322229255518769
2679000 0.189183073985584
2680000 0.258149531151207
2681000 0.271978304005933
2682000 0.272738928655203
2683000 0.130959007355232
2684000 0.301500567603125
2685000 0.209272920288223
2686000 0.2260218150751
2687000 0.235429949667355
2688000 0.252677768759087
2689000 0.244326363473831
2690000 0.197751103034853
2691000 0.2209736487745
2692000 0.17758674032966
2693000 0.174274023701064
2694000 0.205740804061993
2695000 0.133534029708884
2696000 0.298504294635094
2697000 0.153290374302246
2698000 0.228458399637079
2699000 0.142011265933405
2700000 0.139248914347633
2701000 0.252879933199443
2702000 0.170052005953649
2703000 0.233584480173388
2704000 0.143346129288252
2705000 0.23543447954648
2706000 0.13022716159607
2707000 0.290400774966242
2708000 0.136213929054018
2709000 0.123528870210165
2710000 0.096753648812347
2711000 0.213567061725891
2712000 0.232729183429093
2713000 0.115296421717711
2714000 0.131697229084681
2715000 0.144011350969413
2716000 0.160269803474289
2717000 0.191567253664057
2718000 0.210943806260419
2719000 0.239307159149369
2720000 0.269505166110727
2721000 0.257397095722863
2722000 0.221641977879659
2723000 0.19210916969767
2724000 0.175006939421329
2725000 0.313045692892767
2726000 0.232817531582319
2727000 0.288629919118038
2728000 0.140433509250549
2729000 0.332461174267545
2730000 0.115759250035022
2731000 0.219317434578112
2732000 0.180536679352702
2733000 0.163963923526472
2734000 0.254973429512865
2735000 0.250201318152192
2736000 0.21158220238002
2737000 0.141607774772278
2738000 0.218684593879064
2739000 0.190054289366128
2740000 0.263470166141576
2741000 0.131538500218585
2742000 0.129238676731322
2743000 0.19382479554982
2744000 0.220347051023807
2745000 0.198134826983801
2746000 0.138426728451427
2747000 0.271235100817602
2748000 0.225566684884119
2749000 0.20719431631749
2750000 0.193531169824904
2751000 0.164058294777004
2752000 0.22109204099629
2753000 0.170189476293479
2754000 0.10153820416148
2755000 0.255743926410077
2756000 0.133190024196699
2757000 0.271602019286138
2758000 0.174485992350164
2759000 0.186921846724935
2760000 0.140204355710523
2761000 0.255970895413467
2762000 0.110608392352688
2763000 0.218103840269038
2764000 0.17971421726798
2765000 0.194843550713187
2766000 0.202440077101149
2767000 0.154606556827425
2768000 0.160956062078634
2769000 0.245301911714908
2770000 0.128694972040084
2771000 0.19643431848176
2772000 0.190040726555263
2773000 0.147361455438478
2774000 0.21580800214195
2775000 0.222486774375121
2776000 0.187733887083362
2777000 0.155084577787127
2778000 0.196303364325909
2779000 0.177050482883376
2780000 0.236597799975081
2781000 0.141111736616019
2782000 0.0954178017401225
2783000 0.187491130839279
2784000 0.197001910696549
2785000 0.100946957611255
2786000 0.161847108842055
2787000 0.141389029457461
2788000 0.122674169409136
2789000 0.235911322304273
2790000 0.195053303119895
2791000 0.214789700882819
2792000 0.154153455373779
2793000 0.146990222251755
2794000 0.209683895476761
2795000 0.135662282934369
2796000 0.0852341680544606
2797000 0.124948132644434
2798000 0.19203249332667
2799000 0.1601948050177
2800000 0.131106931290529
2801000 0.223575847988509
2802000 0.161966470523941
2803000 0.194679998401531
2804000 0.242824062774015
2805000 0.168356885936805
2806000 0.232043532338127
2807000 0.149920236847504
2808000 0.276247711255412
2809000 0.191874023129766
2810000 0.193270291405839
2811000 0.2724044953536
2812000 0.0278920209808269
2813000 0.198370741260725
2814000 0.253089594266742
2815000 0.155390031899031
2816000 0.136659936510692
2817000 0.23910192245402
2818000 0.146288760981536
2819000 0.240345858604949
2820000 0.182602669153364
2821000 0.211152112061734
2822000 0.101575297742667
2823000 0.190767901113887
2824000 0.131486001156535
2825000 0.194468982454404
2826000 0.117939959860094
2827000 0.195160772606429
2828000 0.0574349095436204
2829000 0.136496992098369
2830000 0.162097880637164
2831000 0.165015098446094
2832000 0.0957411275526606
2833000 0.166612824429312
2834000 0.109578346299169
2835000 0.173246048858233
2836000 0.11453548554735
2837000 0.162136673334646
2838000 0.14743219676393
2839000 0.114446757649056
2840000 0.125127930789802
2841000 0.126288522802941
2842000 0.1324921154209
2843000 0.106237121029317
2844000 0.109399486826647
2845000 0.1834248859848
2846000 0.189935400233412
2847000 0.094088807088118
2848000 0.120356404542157
2849000 0.198735412293439
2850000 0.11753321452914
2851000 0.148529789657463
2852000 0.072483078393506
2853000 0.229792557947301
2854000 0.124805132493519
2855000 0.0105425995981165
2856000 0.198873961413478
2857000 0.106263481813281
2858000 0.120407849370728
2859000 0.160273397490273
2860000 0.200165680172292
2861000 0.0722204562171687
2862000 0.153288813329219
2863000 0.130660300269145
2864000 0.124367120431446
2865000 0.164879273044384
2866000 0.0654308241422586
2867000 0.140503014130592
2868000 0.0533427035929795
2869000 0.190924477638103
2870000 0.134885882204828
2871000 0.139200358801136
2872000 0.170677240557602
2873000 0.30246751075902
2874000 0.112621206538949
2875000 0.155414753463707
2876000 0.0921037607196619
2877000 0.142632311961283
2878000 0.100645943246581
2879000 0.129722484617826
2880000 0.119632178445716
2881000 0.127817979361188
2882000 0.13233058693512
2883000 0.113142291036032
2884000 0.0970055916317614
2885000 0.0360756505319126
2886000 0.190091779661174
2887000 0.148626440581986
2888000 0.140695918459315
2889000 0.158794625701446
2890000 0.210875405933178
2891000 0.0626803724399194
2892000 0.12403050982171
2893000 0.0510264853742218
2894000 0.174008300249517
2895000 0.113515627485559
2896000 0.118568653943906
2897000 0.119716416006551
2898000 0.135980586719109
2899000 0.13575824776818
2900000 0.0840469747731045
2901000 0.126826714502536
2902000 0.181761857450208
2903000 0.172265233055114
2904000 0.0690202767464115
2905000 0.133066171877075
2906000 0.106932432874404
2907000 0.11486966924792
2908000 0.0670421765503388
2909000 0.0814347842123573
2910000 -0.00142704827950204
2911000 0.119183250926127
2912000 0.0352503578972632
2913000 0.0336130687420987
2914000 0.0392240961549881
2915000 0.141427404981215
2916000 -0.027971361694258
2917000 0.120484414307755
2918000 0.170491835273147
2919000 0.127443388422667
2920000 0.0438638231520937
2921000 0.14239009745492
2922000 0.0564231123915551
2923000 0.0917912009936255
2924000 0.175166320611871
2925000 0.102740266149254
2926000 0.212128927342804
2927000 0.0714617849566074
2928000 0.151698431063758
2929000 0.0614113694750684
2930000 0.20311495274406
2931000 0.0703811822267923
2932000 0.206580465808192
2933000 0.0348831415231837
2934000 0.0937927140504365
2935000 0.0993061789757671
2936000 0.0829109528362878
2937000 0.1105231600105
2938000 0.0610436961358885
2939000 0.108811818545512
2940000 0.122176510245382
2941000 0.167372815270635
2942000 0.104180430738165
2943000 0.0413006883679009
2944000 0.0980300845844516
2945000 0.116503767975026
2946000 0.0635061645625105
2947000 0.125652247684225
2948000 0.0976645961081933
2949000 0.0196847134047759
2950000 0.0840247090556093
2951000 0.018935525706495
2952000 0.145550176546569
2953000 0.0737001923425857
2954000 0.14143044019352
2955000 0.155628364051473
2956000 0.058379408792981
2957000 0.04741440361264
2958000 0.0911804866207594
2959000 0.0655094067853081
2960000 0.140257402190831
2961000 0.089982652541697
2962000 0.0891188743229718
2963000 0.00284712007075165
2964000 0.0306828092366081
2965000 0.0799789794623653
2966000 0.0531403390853868
2967000 0.0677620130760044
2968000 0.0572851938036013
2969000 0.0360240172332192
2970000 0.109580865903906
2971000 -0.0372118835245391
2972000 0.166028062144091
2973000 0.0675807177050723
2974000 0.0507056898249243
2975000 -0.0145615256639374
2976000 0.0676637486084883
2977000 0.0425931856778958
2978000 -0.00420526105350155
2979000 0.109356661013439
2980000 0.0398583774810692
2981000 0.103486377510725
2982000 0.0176463713579793
2983000 0.0806950126467015
2984000 0.00504056050889093
2985000 0.0916154686403592
2986000 0.013258144500595
2987000 0.1053394854387
2988000 -0.0121060342034291
2989000 0.0586899168583351
2990000 0.0504724947960065
2991000 0.103123127348454
2992000 0.0629330518262059
2993000 0.0691923915246516
2994000 0.113906608939574
2995000 0.0832904983844889
2996000 0.0283079918017978
2997000 0.0437470949950624
2998000 0.0563334259654312
2999000 0.0574702489658892
3000000 0.0196257220230138
3001000 0.0244227266586377
3002000 0.00828060454015602
3003000 0.069608842981795
3004000 -0.0196904680393132
3005000 0.0191307436044337
3006000 0.0243442644093635
3007000 0.140400499965761
3008000 0.0326837147075504
3009000 0.0607460666983555
3010000 -0.012671468009832
3011000 0.0371251044873782
3012000 0.0119653669157366
3013000 0.0751023746551461
3014000 0.115337275518462
3015000 0.0490345291852288
3016000 0.0616099314788101
3017000 0.111747342293426
3018000 -0.00190482490623789
3019000 0.0601856547237988
3020000 -0.0423079776298381
3021000 0.0278943208303575
3022000 -0.0250431998008232
3023000 0.0793334977756672
3024000 -0.000967794695390133
3025000 0.0536257462085955
3026000 -0.0287374430569479
3027000 -0.0112335592056202
3028000 -0.0450388720471131
3029000 0.0716821604566302
3030000 -0.0673099988476371
3031000 -0.00182174116048665
3032000 0.0364096010677551
3033000 0.0361810456267726
3034000 0.0205321531515026
3035000 -0.0108760048283184
3036000 0.0379375738947263
3037000 -0.023272888663713
3038000 0.0900352850520155
3039000 0.145109001108409
3040000 0.0342055393677615
3041000 0.0880781712018383
3042000 0.108844155991132
3043000 0.0244859966270069
3044000 -0.00946487823408848
3045000 0.0745394802199814
3046000 0.000255281604672651
3047000 0.0437819918559681
3048000 -0.00500857452426047
3049000 -0.071485509006673
3050000 0.0525862538108839
3051000 0.0214759068178287
3052000 -0.0454430095904669
3053000 0.0136548479631354
3054000 0.0373456251386777
3055000 -0.0211256138587359
3056000 0.0191315701476045
3057000 0.0736595380500693
3058000 0.0242458812188081
3059000 -0.00114986373767695
3060000 0.0601735636365236
3061000 -0.089226229333978
3062000 0.000511502971024937
3063000 -0.0173263383836013
3064000 0.108449292264749
3065000 -0.0417351112229158
3066000 2.45961644669013e-05
3067000 0.0723842824383237
3068000 0.0310186639795081
3069000 -0.0583564045330571
3070000 -0.120885228412645
3071000 0.0116095685942796
3072000 0.0762086940073863
3073000 -0.0277258605337377
3074000 0.0560521832341746
3075000 0.102135011252484
3076000 -0.0230453339805129
3077000 -0.078146285727005
3078000 -0.0166826915470237
3079000 0.0224410635182269
3080000 -0.00706531682573089
3081000 -0.0328495031663621
3082000 -0.0419408927239587
3083000 -0.0112895013346061
3084000 -0.0333473826815533
3085000 -0.0388799484381903
3086000 -0.0420569201800268
3087000 -0.0950915367036458
3088000 -0.0212865040254839
3089000 0.0257969946748836
3090000 -0.0216187241466621
3091000 0.0239473489459767
3092000 0.00881364358746492
3093000 0.0384376550526544
3094000 0.0652449502678641
3095000 -0.043941218553657
3096000 -0.0547137410393994
3097000 -0.0723206878694071
3098000 0.0311530790782888
3099000 -0.0124002005771133
3100000 0.0195652169175321
