#Timestep sxy 
100000 0.0035172812376581
101000 0.00574647450511961
102000 -0.00891037940576856
103000 -0.00845519726248317
104000 -0.0195150990979122
105000 -0.0299704272335813
106000 -0.0272293774455936
107000 -0.0331952023039134
108000 -0.0399067039699557
109000 -0.0611784189037356
110000 -0.0496582537649886
111000 -0.0575533174195036
112000 -0.0673924852180189
113000 -0.0683801697065748
114000 -0.0783696084968904
115000 -0.0800864188143763
116000 -0.0849204982666418
117000 -0.0883469864399452
118000 -0.0942198948692653
119000 -0.102273843304842
120000 -0.101286043858931
121000 -0.111389009940434
122000 -0.104952134488365
123000 -0.124268301334848
124000 -0.124338557660883
125000 -0.128581772832996
126000 -0.134567724720758
127000 -0.142603660005465
128000 -0.140573379110861
129000 -0.156543723097707
130000 -0.152975935811895
131000 -0.161755574006092
132000 -0.167111806040295
133000 -0.167111559807929
134000 -0.179201635742417
135000 -0.171416310463918
136000 -0.180992528007456
137000 -0.186821583418261
138000 -0.200693876586424
139000 -0.207951573840702
140000 -0.214480873271789
141000 -0.21318085125106
142000 -0.23284296538912
143000 -0.221990225989216
144000 -0.228916118323899
145000 -0.238011109181166
146000 -0.239287893472417
147000 -0.247227188303302
148000 -0.245793992531841
149000 -0.25424860262373
150000 -0.25910912925672
151000 -0.27705317520942
152000 -0.263432163243721
153000 -0.273455308986876
154000 -0.285624049725733
155000 -0.288345858104464
156000 -0.295551286805564
157000 -0.299162160182997
158000 -0.296224174234551
159000 -0.313117530689927
160000 -0.307855185675721
161000 -0.30815834742807
162000 -0.323529053319212
163000 -0.314137053635752
164000 -0.325364879587795
165000 -0.340144938923841
166000 -0.346121988593375
167000 -0.348718239425609
168000 -0.358302825304672
169000 -0.361147272040424
170000 -0.369094098644486
171000 -0.366883646678056
172000 -0.367021177193262
173000 -0.370258941400031
174000 -0.37888586686815
175000 -0.375729183456716
176000 -0.380858570954995
177000 -0.374834991648435
178000 -0.384794621948606
179000 -0.391949380143829
180000 -0.407484502601707
181000 -0.41328653061376
182000 -0.427424712654955
183000 -0.429629817591482
184000 -0.433184945410314
185000 -0.430588717476261
186000 -0.451690616909458
187000 -0.445706145130073
188000 -0.437165632901188
189000 -0.441269984259987
190000 -0.428425787524443
191000 -0.424251575504406
192000 -0.426862100644274
193000 -0.426276484887753
194000 -0.448187624133176
195000 -0.465404790818307
196000 -0.482880821460426
197000 -0.47486948546175
198000 -0.494979715491694
199000 -0.492586261897042
200000 -0.487718163255605
201000 -0.47363491036359
202000 -0.476947804531488
203000 -0.456916674672668
204000 -0.474101348241598
205000 -0.484448179317305
206000 -0.491990975033355
207000 -0.526396169401081
208000 -0.526129475305841
209000 -0.524554278923893
210000 -0.53430194132788
211000 -0.536730539777166
212000 -0.50614560015072
213000 -0.496296905356058
214000 -0.496276768620504
215000 -0.524941648713362
216000 -0.558452401665538
217000 -0.577127922723974
218000 -0.565985862964568
219000 -0.576240605846081
220000 -0.569005283912982
221000 -0.536683315809636
222000 -0.521390814840572
223000 -0.546020364689641
224000 -0.569562293956776
225000 -0.600900113039947
226000 -0.613232360246108
227000 -0.596677662775148
228000 -0.595690260512702
229000 -0.580343467310493
230000 -0.555064400351286
231000 -0.561874574608661
232000 -0.584385094125272
233000 -0.609331261598152
234000 -0.636926647812534
235000 -0.64703143229526
236000 -0.634333230327423
237000 -0.61215636164397
238000 -0.583460403250556
239000 -0.580627551261617
240000 -0.633166905025506
241000 -0.663957816427733
242000 -0.673696920802682
243000 -0.678914033473846
244000 -0.638728608699398
245000 -0.595693766602239
246000 -0.609060628984197
247000 -0.66087481981067
248000 -0.700951124632936
249000 -0.729234521806372
250000 -0.686884151912333
251000 -0.657045951254112
252000 -0.634847079981983
253000 -0.656926713589609
254000 -0.700844284690082
255000 -0.721690882882542
256000 -0.719961768726566
257000 -0.712604588669852
258000 -0.681074469196546
259000 -0.675811650039681
260000 -0.697475366988315
261000 -0.724463467318549
262000 -0.740185696637734
263000 -0.737914095942879
264000 -0.71202019929764
265000 -0.70113459880282
266000 -0.704361337318474
267000 -0.73294788680512
268000 -0.773097207019937
269000 -0.776713270860116
270000 -0.759669460941353
271000 -0.723453671469057
272000 -0.713176017918945
273000 -0.748618309956713
274000 -0.79206113524544
275000 -0.808242813801587
276000 -0.784644332285506
277000 -0.733550065950299
278000 -0.729168500258883
279000 -0.786244242333109
280000 -0.834123445180916
281000 -0.822810151862679
282000 -0.79187488484728
283000 -0.729800243631144
284000 -0.776863778258709
285000 -0.839631499504056
286000 -0.843089976198159
287000 -0.828801448361052
288000 -0.769387525828589
289000 -0.764452136540359
290000 -0.818746726858075
291000 -0.86997732382956
292000 -0.859724264663151
293000 -0.816076632706467
294000 -0.785880326727219
295000 -0.822869571842931
296000 -0.865552311685589
297000 -0.888529448088776
298000 -0.872457052637151
299000 -0.815044753924227
300000 -0.828798416953313
301000 -0.870093827934231
302000 -0.891268107115335
303000 -0.888734805923868
304000 -0.851942871080718
305000 -0.842002384049935
306000 -0.861851605656771
307000 -0.909071944987824
308000 -0.918811602636315
309000 -0.878410604156033
310000 -0.85947701012043
311000 -0.881200813030994
312000 -0.930042083871792
313000 -0.937910901176786
314000 -0.91312285789553
315000 -0.890448984655674
316000 -0.892841792136098
317000 -0.935304370018867
318000 -0.953214114040134
319000 -0.934192130561446
320000 -0.900177835993894
321000 -0.911407237305487
322000 -0.95940244407
323000 -0.983058936594245
324000 -0.962103159664351
325000 -0.913286022226199
326000 -0.92940583124855
327000 -0.986491452141239
328000 -0.99756137219406
329000 -0.968555468300938
330000 -0.922008703869529
331000 -0.951148504069818
332000 -1.00930665212532
333000 -1.02143836524316
334000 -0.964667377967401
335000 -0.930395753796072
336000 -0.979589671580787
337000 -1.04585667142534
338000 -1.03832394940957
339000 -0.960232005909512
340000 -0.961771254381663
341000 -1.04281640374877
342000 -1.07099744642674
343000 -1.01186736933101
344000 -0.96100981256799
345000 -1.02298071474858
346000 -1.08424546190353
347000 -1.07658177192686
348000 -0.995932766718615
349000 -1.00120684565077
350000 -1.0718986351549
351000 -1.09956414575085
352000 -1.04594341777813
353000 -1.00629411235808
354000 -1.06317817018526
355000 -1.11437207391185
356000 -1.09575642970926
357000 -1.01892721238215
358000 -1.04516648590582
359000 -1.11823480670221
360000 -1.12554769465885
361000 -1.04925447671071
362000 -1.02830880998182
363000 -1.13110741549792
364000 -1.15847034111313
365000 -1.08054206654342
366000 -1.04934129024821
367000 -1.12191014747389
368000 -1.16953907011892
369000 -1.13332343451601
370000 -1.06789706484105
371000 -1.12376594327327
372000 -1.16093670964806
373000 -1.15981663304058
374000 -1.10928932966976
375000 -1.12671103938711
376000 -1.16867110441425
377000 -1.18033806640472
378000 -1.13090550051325
379000 -1.12948702196337
380000 -1.17948808941172
381000 -1.20177733063087
382000 -1.15673402009917
383000 -1.14773234588806
384000 -1.18916510183919
385000 -1.19573602814955
386000 -1.18397836540176
387000 -1.18978477461046
388000 -1.20461889130023
389000 -1.20202360891435
390000 -1.20259090734441
391000 -1.19074723352463
392000 -1.19360076839034
393000 -1.21424969259128
394000 -1.23757397346393
395000 -1.21628685579928
396000 -1.20236165100833
397000 -1.24052957844797
398000 -1.24065310183961
399000 -1.23571324141075
400000 -1.20685248646707
401000 -1.24562046111069
402000 -1.26631208027013
403000 -1.25448472380182
404000 -1.22963632020851
405000 -1.23812382840164
406000 -1.29332286247893
407000 -1.27982374477936
408000 -1.25368797132109
409000 -1.25164605699805
410000 -1.31466523766575
411000 -1.30792328524789
412000 -1.21959071630608
413000 -1.27590688564618
414000 -1.33829100682689
415000 -1.32411705091064
416000 -1.24631535911735
417000 -1.29745736500566
418000 -1.36502900272882
419000 -1.32319612753704
420000 -1.25517734939288
421000 -1.33585511264287
422000 -1.38549391472342
423000 -1.31211376752343
424000 -1.28431069649259
425000 -1.35423941645033
426000 -1.39342005362912
427000 -1.31660837334692
428000 -1.3065146904534
429000 -1.39384566181944
430000 -1.38627145894369
431000 -1.3355499111387
432000 -1.33757868848371
433000 -1.39537142556153
434000 -1.39676950275527
435000 -1.33482028637453
436000 -1.35653613973066
437000 -1.43059697223007
438000 -1.40175361002387
439000 -1.34706511000665
440000 -1.40130811074262
441000 -1.43849396702978
442000 -1.4087541580519
443000 -1.33516763925514
444000 -1.44378773829126
445000 -1.45889545218486
446000 -1.39865476924199
447000 -1.38068614404749
448000 -1.46440585303834
449000 -1.44623890525631
450000 -1.38462060665264
451000 -1.44675803886553
452000 -1.48476920533247
453000 -1.43568764422912
454000 -1.41089802582961
455000 -1.47609801674492
456000 -1.46894314734232
457000 -1.43828481194828
458000 -1.45058872743306
459000 -1.4748222494173
460000 -1.47454258664269
461000 -1.47486865087589
462000 -1.48022927659492
463000 -1.46368330962657
464000 -1.50317626054328
465000 -1.496410254912
466000 -1.47143837333341
467000 -1.5116424098942
468000 -1.53157136015765
469000 -1.48566310463857
470000 -1.49155403957263
471000 -1.55062951252001
472000 -1.51119802601647
473000 -1.49482953124557
474000 -1.54033064409629
475000 -1.54503785825906
476000 -1.50790321332774
477000 -1.54565179662055
478000 -1.54975318701779
479000 -1.5389650636689
480000 -1.54473119220341
481000 -1.55832573271361
482000 -1.54574264353109
483000 -1.55392998060547
484000 -1.5880844354171
485000 -1.54035371990883
486000 -1.58368944073682
487000 -1.59956504578481
488000 -1.56271419271224
489000 -1.57123319463908
490000 -1.62973286454433
491000 -1.58421818653746
492000 -1.56889527550504
493000 -1.64448518029437
494000 -1.62290600495379
495000 -1.56546254943911
496000 -1.62922220289753
497000 -1.66534296942668
498000 -1.57627185853073
499000 -1.62663530797676
500000 -1.64669876259675
501000 -1.61079495949298
502000 -1.62111294645506
503000 -1.65942996996667
504000 -1.63520952691514
505000 -1.61476853290471
506000 -1.67273839958552
507000 -1.64527287293118
508000 -1.66178124434797
509000 -1.66419857320225
510000 -1.65489331207332
511000 -1.68015882715715
512000 -1.67981563565194
513000 -1.6620284347482
514000 -1.68656045714105
515000 -1.72621017673069
516000 -1.6546111220681
517000 -1.68257183385791
518000 -1.73907501435778
519000 -1.68520845287855
520000 -1.68928063337854
521000 -1.74092221917883
522000 -1.72456738727116
523000 -1.69232057492813
524000 -1.74648768201897
525000 -1.74000698729205
526000 -1.71244341036741
527000 -1.72619816758838
528000 -1.75410288680711
529000 -1.72605716154321
530000 -1.76247289874096
531000 -1.74643428034529
532000 -1.7571010877966
533000 -1.7712830577885
534000 -1.7313583264586
535000 -1.77569377273969
536000 -1.79008190933186
537000 -1.76443615297296
538000 -1.75738267541104
539000 -1.81900533565762
540000 -1.77119877683238
541000 -1.76788115162028
542000 -1.83634585295086
543000 -1.79439050236452
544000 -1.76867924028946
545000 -1.84547341695251
546000 -1.83484267928209
547000 -1.76407632943526
548000 -1.8539540246309
549000 -1.83795820045391
550000 -1.79296798402979
551000 -1.84634332664275
552000 -1.84616181532047
553000 -1.82576122565712
554000 -1.84728044165536
555000 -1.8421534320679
556000 -1.84308374263824
557000 -1.86289089069195
558000 -1.84349508264157
559000 -1.86099302676923
560000 -1.88704030471506
561000 -1.84360588373802
562000 -1.86512214721868
563000 -1.90717182873182
564000 -1.8534518922952
565000 -1.87183824336391
566000 -1.9369638265164
567000 -1.85884944904187
568000 -1.89843552183171
569000 -1.91267121090507
570000 -1.90039251765092
571000 -1.91523355431584
572000 -1.91397114197501
573000 -1.90868073290275
574000 -1.92667045815638
575000 -1.92107633089242
576000 -1.91751575650194
577000 -1.96510433236747
578000 -1.90568408674392
579000 -1.94044849398512
580000 -1.98156472912231
581000 -1.91958925673142
582000 -1.93941846155117
583000 -1.99700190572727
584000 -1.94232859450234
585000 -1.94024301519943
586000 -2.02120788104803
587000 -1.95419520449163
588000 -1.97760497124755
589000 -1.99117998823217
590000 -1.97428402426286
591000 -1.99315577986246
592000 -1.98024245346676
593000 -1.99615073906596
594000 -2.02128925851502
595000 -1.97724353023929
596000 -2.00861712894046
597000 -2.04458783334954
598000 -1.97743639959625
599000 -2.01204649011242
600000 -2.07091549509291
601000 -1.98582051548065
602000 -2.03332831021553
603000 -2.07775028691636
604000 -1.99929409436088
605000 -2.03696746155772
606000 -2.08564408944101
607000 -2.03160342102819
608000 -2.06214773292663
609000 -2.06258456382563
610000 -2.05331747605611
611000 -2.09347726109106
612000 -2.04859704467694
613000 -2.09518295533266
614000 -2.10954894078588
615000 -2.03552736881019
616000 -2.12874115444308
617000 -2.10429731017326
618000 -2.05064034157602
619000 -2.12121982281886
620000 -2.11468199879797
621000 -2.09273996776311
622000 -2.11498140437134
623000 -2.12193654647473
624000 -2.1094458693104
625000 -2.1396131945576
626000 -2.09900862624894
627000 -2.15828026372508
628000 -2.12323495916144
629000 -2.0982110876203
630000 -2.18945572485511
631000 -2.12944999810755
632000 -2.11961400705713
633000 -2.18401584839518
634000 -2.15908193947337
635000 -2.13377107669489
636000 -2.20656491778143
637000 -2.16086452480008
638000 -2.1758407850232
639000 -2.1730570151515
640000 -2.1897317934402
641000 -2.21532011129281
642000 -2.15730084118837
643000 -2.21598277768894
644000 -2.22118064332989
645000 -2.17012269117363
646000 -2.22788829649015
647000 -2.24258716602389
648000 -2.16210007814569
649000 -2.24304051032534
650000 -2.23905150186931
651000 -2.20332379636233
652000 -2.24565981094537
653000 -2.21804891261379
654000 -2.25411761775061
655000 -2.23202842068346
656000 -2.24241893264951
657000 -2.27224637819691
658000 -2.22806417144714
659000 -2.25386153214435
660000 -2.28527511887735
661000 -2.2479776507997
662000 -2.26067347473262
663000 -2.31526374922233
664000 -2.23647132033791
665000 -2.30056143169936
666000 -2.28404224595791
667000 -2.28621356150603
668000 -2.30705612227227
669000 -2.26710933553137
670000 -2.32983039241894
671000 -2.32145427210637
672000 -2.27639574020626
673000 -2.34365054827392
674000 -2.32378148667393
675000 -2.30578862719302
676000 -2.36547235003705
677000 -2.31371445649562
678000 -2.3433023704584
679000 -2.33824248352155
680000 -2.32993527558206
681000 -2.36714894731408
682000 -2.32649803424763
683000 -2.37322744992845
684000 -2.35724595177791
685000 -2.32497455750961
686000 -2.39619591460676
687000 -2.37466278784736
688000 -2.33003181722006
689000 -2.40590146794886
690000 -2.38139951102325
691000 -2.37782394930025
692000 -2.38387482115515
693000 -2.39200241671815
694000 -2.39875561629826
695000 -2.38109740954053
696000 -2.40393480051455
697000 -2.42470042329697
698000 -2.37809192655535
699000 -2.44175224672295
700000 -2.42085980106539
701000 -2.39325365743532
702000 -2.45295005683687
703000 -2.41366684604641
704000 -2.44987559702549
705000 -2.42531951421108
706000 -2.43533030001379
707000 -2.46751542247582
708000 -2.43000998401459
709000 -2.47602062741368
710000 -2.45797924340772
711000 -2.43181680357263
712000 -2.49405472594742
713000 -2.47867779874187
714000 -2.45892240739708
715000 -2.50748669137052
716000 -2.46082735387422
717000 -2.50919258723717
718000 -2.48867104448427
719000 -2.49231285482519
720000 -2.51864688324907
721000 -2.49393245249561
722000 -2.5322629475628
723000 -2.50630450794053
724000 -2.5093553527582
725000 -2.54029899356656
726000 -2.52711184622794
727000 -2.53911282342908
728000 -2.53812865222093
729000 -2.52026715026493
730000 -2.5756036407993
731000 -2.50934611648129
732000 -2.57877916478566
733000 -2.56180557161295
734000 -2.53174012194344
735000 -2.57720417141819
736000 -2.55892506034653
737000 -2.55587672275763
738000 -2.58231341239665
739000 -2.57351959849208
740000 -2.58008609766591
741000 -2.56912894520038
742000 -2.59775888935985
743000 -2.60013404571816
744000 -2.57425002767694
745000 -2.62560116725815
746000 -2.58992734585475
747000 -2.60523741982527
748000 -2.62264262867833
749000 -2.61414434040552
750000 -2.6279506936628
751000 -2.60317251917465
752000 -2.64730419591601
753000 -2.64504886310651
754000 -2.59661660344113
755000 -2.66681187260256
756000 -2.63912138239334
757000 -2.63340312745735
758000 -2.66167985215356
759000 -2.65496637290125
760000 -2.66388988260839
761000 -2.64801426982631
762000 -2.67920118523616
763000 -2.66081049096328
764000 -2.65304458934984
765000 -2.70168607048227
766000 -2.6635228263438
767000 -2.68928544411901
768000 -2.70034085791232
769000 -2.6803411742829
770000 -2.71448805182531
771000 -2.7052677146874
772000 -2.71980043863511
773000 -2.70970745799006
774000 -2.70810459673787
775000 -2.72595375933945
776000 -2.70930963861257
777000 -2.74073542576784
778000 -2.73374202426406
779000 -2.72288765801012
780000 -2.73540196280566
781000 -2.75526859525896
782000 -2.74675764967816
783000 -2.75942935823204
784000 -2.74192069512322
785000 -2.78670650191167
786000 -2.75277859721678
787000 -2.77660509403801
788000 -2.75583024344066
789000 -2.78480410100379
790000 -2.7771656279516
791000 -2.78672595218879
792000 -2.78215785004405
793000 -2.78614382289234
794000 -2.80628337544902
795000 -2.80598180984684
796000 -2.79000730394528
797000 -2.82006827640378
798000 -2.82612707051139
799000 -2.81501587646309
800000 -2.81422793299026
801000 -2.84808231073223
802000 -2.83359336937762
803000 -2.81591520660699
804000 -2.8703089202925
805000 -2.83762344595909
806000 -2.81362548392081
807000 -2.87130834550905
808000 -2.84677322203981
809000 -2.8492988381895
810000 -2.8588967491881
811000 -2.88374777121604
812000 -2.85860919485423
813000 -2.86792397961573
814000 -2.8799297334429
815000 -2.86954789864938
816000 -2.87823857920268
817000 -2.90206805166142
818000 -2.87261273776317
819000 -2.89798630361284
820000 -2.90815267995238
821000 -2.90204639314392
822000 -2.89537799785731
823000 -2.89975335134191
824000 -2.93037123281672
825000 -2.89692276128591
826000 -2.94255368080059
827000 -2.90983183362349
828000 -2.94412298257196
829000 -2.93870934154823
830000 -2.93226375989779
831000 -2.94230224463749
832000 -2.94511991607146
833000 -2.96183978501081
834000 -2.95222822149824
835000 -2.94225506893718
836000 -2.95877352362625
837000 -2.96843196155679
838000 -2.96745498321617
839000 -2.95184358066482
840000 -2.99963133497142
841000 -2.9738806258583
842000 -2.98671119645252
843000 -2.99879207198758
844000 -2.9922007443943
845000 -3.00637389090631
846000 -2.99547999644293
847000 -3.02498062504893
848000 -3.00622866964276
849000 -3.02535343632095
850000 -3.01663356528927
851000 -3.00920851337352
852000 -3.03726476231199
853000 -3.04833732667941
854000 -3.01847366022088
855000 -3.02439664152918
856000 -3.06960263940973
857000 -3.05317003101708
858000 -3.02489001562244
859000 -3.08419018799412
860000 -3.05825229874419
861000 -3.05257289312764
862000 -3.06868447054788
863000 -3.08332138302272
864000 -3.07496882792489
865000 -3.06682870873128
866000 -3.09396123219577
867000 -3.0821280128289
868000 -3.08180730705707
869000 -3.08555364486746
870000 -3.10594500998752
871000 -3.09981852233005
872000 -3.09379498189174
873000 -3.10539061764413
874000 -3.1161026052212
875000 -3.11429377061268
876000 -3.12475607590177
877000 -3.13868150836876
878000 -3.12184934883522
879000 -3.1333009248742
880000 -3.14333123057361
881000 -3.12425665660504
882000 -3.16461810583641
883000 -3.1497377206394
884000 -3.14705828709903
885000 -3.16771141197068
886000 -3.18372200809224
887000 -3.15681669760203
888000 -3.17020473821355
889000 -3.18230959687075
890000 -3.18323334167374
891000 -3.1994774713916
892000 -3.17763576477853
893000 -3.18193565259412
894000 -3.20634067126
895000 -3.20280784681668
896000 -3.20129688761255
897000 -3.19479157003707
898000 -3.23472013558691
899000 -3.2039621360965
900000 -3.2187496955879
901000 -3.22932294244151
902000 -3.22002066035649
903000 -3.23946328740297
904000 -3.22257247497284
905000 -3.25398814886078
906000 -3.22795352209188
907000 -3.25558673321169
908000 -3.26707068147111
909000 -3.26279130052492
910000 -3.25043808618379
911000 -3.27105830165369
912000 -3.26737050909793
913000 -3.25947522386363
914000 -3.2872997826299
915000 -3.26810559963553
916000 -3.29767446933019
917000 -3.28054859410629
918000 -3.29442306100064
919000 -3.30478322694487
920000 -3.29482406465262
921000 -3.29389756218032
922000 -3.3241674215285
923000 -3.30996792736819
924000 -3.32619672449053
925000 -3.30662384814728
926000 -3.34867199689799
927000 -3.32226184970811
928000 -3.33817327226455
929000 -3.32357412247423
930000 -3.37060764342116
931000 -3.33716689249647
932000 -3.33757725714483
933000 -3.36240070305806
934000 -3.35995059788497
935000 -3.35858392751941
936000 -3.35451250882242
937000 -3.39038435630353
938000 -3.36178383939167
939000 -3.39541993666702
940000 -3.36085634220824
941000 -3.38991587365166
942000 -3.38904260039119
943000 -3.39432461178252
944000 -3.41165008950239
945000 -3.39325866198929
946000 -3.40099072692229
947000 -3.4065229344554
948000 -3.42282030888261
949000 -3.3926005719426
950000 -3.45623802362725
951000 -3.39800776324646
952000 -3.44355378536939
953000 -3.43597380962017
954000 -3.44731509893834
955000 -3.42173304367231
956000 -3.45860391248664
957000 -3.46077608798987
958000 -3.45311659842208
959000 -3.44375765453528
960000 -3.46942220094362
961000 -3.47917420465997
962000 -3.43830394226751
963000 -3.50339701833161
964000 -3.47209192267288
965000 -3.47532285001625
966000 -3.48633136979862
967000 -3.50548921242612
968000 -3.47004939747704
969000 -3.50177646718428
970000 -3.50369533084139
971000 -3.51061597800282
972000 -3.50139389598352
973000 -3.51596212503599
974000 -3.52451942749349
975000 -3.51832231477176
976000 -3.53001636912163
977000 -3.53374954210063
978000 -3.54709899310323
979000 -3.52132390177049
980000 -3.57085366058986
981000 -3.52269061919969
982000 -3.56498521772085
983000 -3.5404868586352
984000 -3.574447138031
985000 -3.54988341306434
986000 -3.58211876801236
987000 -3.55693548341175
988000 -3.57262931341005
989000 -3.58703633845803
990000 -3.57485896517574
991000 -3.59957665738811
992000 -3.57133718360094
993000 -3.61810609336751
994000 -3.5779176208009
995000 -3.62313319886668
996000 -3.5793076068484
997000 -3.62084284679231
998000 -3.60152596939681
999000 -3.63001908176949
1000000 -3.60001261346018
1001000 -3.63693053430078
1002000 -3.6374489181418
1003000 -3.62738895555063
1004000 -3.65303356291976
1005000 -3.62721593728491
1006000 -3.66081761336199
1007000 -3.64418270969628
1008000 -3.68664347303257
1009000 -3.62084665896535
1010000 -3.71413710326655
1011000 -3.64151487485312
1012000 -3.69181256209161
1013000 -3.65599188185192
1014000 -3.71570626638437
1015000 -3.65353867742254
1016000 -3.70574532954359
1017000 -3.68673687604172
1018000 -3.68695889111039
1019000 -3.70788136401824
1020000 -3.68980876630264
1021000 -3.72698901196371
1022000 -3.68162400057297
1023000 -3.76583203312286
1024000 -3.69019662250605
1025000 -3.7466334291884
1026000 -3.70195312355868
1027000 -3.77718961021422
1028000 -3.69476799736118
1029000 -3.74260489537381
1030000 -3.74272776312659
1031000 -3.7365575401076
1032000 -3.74481927461504
1033000 -3.75506903022167
1034000 -3.78956525432338
1035000 -3.74170578551167
1036000 -3.79732334113223
1037000 -3.7378009076693
1038000 -3.80017620619801
1039000 -3.76436335355981
1040000 -3.7966724344855
1041000 -3.77801200150844
1042000 -3.81019892096879
1043000 -3.79541006224643
1044000 -3.7901073914236
1045000 -3.82985811778613
1046000 -3.8202348343441
1047000 -3.80277461626899
1048000 -3.82544158713018
1049000 -3.82898454980088
1050000 -3.81119255706703
1051000 -3.85154959598146
1052000 -3.82656472224521
1053000 -3.83682179497707
1054000 -3.83505162847541
1055000 -3.84689461664305
1056000 -3.8325428314404
1057000 -3.84448773244242
1058000 -3.85635516114928
1059000 -3.84404682921325
1060000 -3.86808180335099
1061000 -3.87187293226484
1062000 -3.86481866008466
1063000 -3.86173558339651
1064000 -3.89814256621678
1065000 -3.86929131636935
1066000 -3.89709223934039
1067000 -3.89434961005588
1068000 -3.89888275498235
1069000 -3.88504585194612
1070000 -3.91212785937824
1071000 -3.9073219525622
1072000 -3.90073807506152
1073000 -3.92778906930589
1074000 -3.91169960099681
1075000 -3.9233187929267
1076000 -3.93623307672483
1077000 -3.92991314516923
1078000 -3.95562822293129
1079000 -3.93786787521201
1080000 -3.94842337862923
1081000 -3.94188525127954
1082000 -3.9642827567849
1083000 -3.94359981378471
1084000 -3.98187358530128
1085000 -3.95818783385824
1086000 -3.97088300827233
1087000 -3.96605987572566
1088000 -3.97836607021764
1089000 -3.98779937479074
1090000 -3.97903731899667
1091000 -3.98944826226184
1092000 -4.00818150274847
1093000 -4.00442336625964
1094000 -3.9894148652425
1095000 -4.03046005371308
1096000 -3.99298547248373
1097000 -4.03124383929971
1098000 -4.01119059740552
1099000 -4.0363236404409
1100000 -4.01632971070343
1101000 -4.04466470542392
1102000 -4.02868033635175
1103000 -4.04602610876567
1104000 -4.02881296819817
1105000 -4.05864675185717
1106000 -4.06076732175218
1107000 -4.05704122664475
1108000 -4.05763549106218
1109000 -4.0728837308857
1110000 -4.0770202563477
1111000 -4.06602464148334
1112000 -4.09394357286599
1113000 -4.07246275510993
1114000 -4.09464737634435
1115000 -4.08041590469961
1116000 -4.10850786531512
1117000 -4.07665500743997
1118000 -4.10994340187682
1119000 -4.12022581150703
1120000 -4.09362098592636
1121000 -4.13403430405867
1122000 -4.1131836527429
1123000 -4.11131919163641
1124000 -4.12788825338724
1125000 -4.11993921278185
1126000 -4.12436214283809
1127000 -4.13983023096612
1128000 -4.14287271931651
1129000 -4.14151726871002
1130000 -4.15122757528149
1131000 -4.14022268607583
1132000 -4.17322597823343
1133000 -4.1622203589434
1134000 -4.16429843185607
1135000 -4.16073715158686
1136000 -4.18896796277402
1137000 -4.15208687483307
1138000 -4.21198606959714
1139000 -4.18068080076616
1140000 -4.19505597268739
1141000 -4.19971228688424
1142000 -4.18864475673644
1143000 -4.19308425898128
1144000 -4.21937605699439
1145000 -4.19657771271221
1146000 -4.21986837924066
1147000 -4.24107604705746
1148000 -4.21616301786494
1149000 -4.22865687292282
1150000 -4.21801976184112
1151000 -4.2384060303694
1152000 -4.23759343971647
1153000 -4.25341452217048
1154000 -4.22690167103701
1155000 -4.26274300973009
1156000 -4.23742685010483
1157000 -4.2591766845504
1158000 -4.24977041714171
1159000 -4.27385919186491
1160000 -4.26600620617416
1161000 -4.2616537855331
1162000 -4.3031786429032
1163000 -4.27056441587725
1164000 -4.30343522447516
1165000 -4.29159851319739
1166000 -4.28912496582474
1167000 -4.28541134985706
1168000 -4.32143993196388
1169000 -4.28872969571605
1170000 -4.34477030921027
1171000 -4.31823568512057
1172000 -4.31505114925103
1173000 -4.3203563949788
1174000 -4.32705678878172
1175000 -4.32674717785201
1176000 -4.33747144800549
1177000 -4.33437969060965
1178000 -4.3196403752263
1179000 -4.38039192866329
1180000 -4.32066263519793
1181000 -4.36919329729711
1182000 -4.34934757281579
1183000 -4.36665223044205
1184000 -4.35667934960493
1185000 -4.39327824495827
1186000 -4.36234778402647
1187000 -4.38659147755891
1188000 -4.40257069292116
1189000 -4.36543628120945
1190000 -4.40529956333955
1191000 -4.37934182396504
1192000 -4.42029027459115
1193000 -4.38543902189371
1194000 -4.42680188791684
1195000 -4.40485170334488
1196000 -4.42669079658164
1197000 -4.39838391441688
1198000 -4.44050157400633
1199000 -4.41255672844424
1200000 -4.44781878294995
1201000 -4.42461796896635
1202000 -4.45137907018085
1203000 -4.43563245854874
1204000 -4.44431422666538
1205000 -4.46837445984783
1206000 -4.44021074252312
1207000 -4.47111962501702
1208000 -4.43370501883477
1209000 -4.47343353354223
1210000 -4.46803216495152
1211000 -4.47178991982851
1212000 -4.48380489890858
1213000 -4.46722867681447
1214000 -4.50393447718345
1215000 -4.45859530546249
1216000 -4.51518658399952
1217000 -4.47926508950881
1218000 -4.51358081335586
1219000 -4.49439117653808
1220000 -4.53145833529298
1221000 -4.49509546038373
1222000 -4.56729686631252
1223000 -4.49018214996441
1224000 -4.53103161160776
1225000 -4.52747975226646
1226000 -4.54561509586934
1227000 -4.52551808092153
1228000 -4.5638876619402
1229000 -4.53644650554212
1230000 -4.55352722079437
1231000 -4.5636179583883
1232000 -4.54732306799854
1233000 -4.56861611869792
1234000 -4.56212392229527
1235000 -4.56219100027158
1236000 -4.57550692149086
1237000 -4.59327691187087
1238000 -4.57587858975305
1239000 -4.59789853612411
1240000 -4.57569467549676
1241000 -4.58318760943907
1242000 -4.60977585252114
1243000 -4.59358187186546
1244000 -4.59516623666061
1245000 -4.61724110168316
1246000 -4.62454651463186
1247000 -4.62523035186413
1248000 -4.63711602525458
1249000 -4.60997369203113
1250000 -4.65829266741587
1251000 -4.62740025446857
1252000 -4.63821884359038
1253000 -4.63804664685611
1254000 -4.66577287789836
1255000 -4.62710692731448
1256000 -4.66916586661749
1257000 -4.64511733559734
1258000 -4.6705093129732
1259000 -4.65296810164733
1260000 -4.67343292702313
1261000 -4.65523691703947
1262000 -4.6873319564214
1263000 -4.69156597379719
1264000 -4.69485417058769
1265000 -4.68265165112335
1266000 -4.67906515394244
1267000 -4.69491785571065
1268000 -4.71713565202814
1269000 -4.7150238773451
1270000 -4.70674955240793
1271000 -4.71563493169922
1272000 -4.70910828515676
1273000 -4.73240526494155
1274000 -4.71971703141312
1275000 -4.75768199967993
1276000 -4.71573891207613
1277000 -4.75023322240959
1278000 -4.73415044887018
1279000 -4.75244027376851
1280000 -4.76262367976204
1281000 -4.75372607104292
1282000 -4.77496884053811
1283000 -4.76026031836572
1284000 -4.78022349767549
1285000 -4.73915734903894
1286000 -4.79794483006501
1287000 -4.75257334289237
1288000 -4.81601838733978
1289000 -4.76076593641149
1290000 -4.81542470277154
1291000 -4.78476757078501
1292000 -4.79868061940834
1293000 -4.82340194436519
1294000 -4.79490540349485
1295000 -4.8160824991405
1296000 -4.81724753870776
1297000 -4.836265522856
1298000 -4.81172566886344
1299000 -4.84251235921448
1300000 -4.83562838684604
1301000 -4.83122784360397
1302000 -4.86608177555698
1303000 -4.83565134683679
1304000 -4.85629236470042
1305000 -4.8475182183166
1306000 -4.89941793054014
1307000 -4.82847158098691
1308000 -4.88540318944573
1309000 -4.86005274720784
1310000 -4.87237057266298
1311000 -4.87422328407359
1312000 -4.89527802336142
1313000 -4.86570760272847
1314000 -4.88655329270913
1315000 -4.89940831836589
1316000 -4.87733073349203
1317000 -4.90982554032212
1318000 -4.89057979721129
1319000 -4.91621430574262
1320000 -4.91129224889253
1321000 -4.90361463602383
1322000 -4.94142538140249
1323000 -4.92131322537761
1324000 -4.93930134018228
1325000 -4.93596611408521
1326000 -4.93628456416115
1327000 -4.94744546796232
1328000 -4.9490281657928
1329000 -4.91671110109545
1330000 -4.96944102282507
1331000 -4.93285111758543
1332000 -4.97916631539906
1333000 -4.95587561954196
1334000 -4.96795334723016
1335000 -4.97400505714879
1336000 -4.96751589965929
1337000 -4.9940847066324
1338000 -4.98319148869908
1339000 -4.98527796903124
1340000 -4.99518911638088
1341000 -4.98761300607131
1342000 -5.00267529529278
1343000 -4.99019921148333
1344000 -5.00760569493482
1345000 -5.01684384759535
1346000 -5.00219174922585
1347000 -5.04443123616708
1348000 -5.0104192965364
1349000 -5.03836123236771
1350000 -5.04921178312529
1351000 -5.01248816902666
1352000 -5.07357179073211
1353000 -5.02888192649734
1354000 -5.07337949686748
1355000 -5.03934489704667
1356000 -5.05479403196704
1357000 -5.05771006864802
1358000 -5.05465492047187
1359000 -5.07509921224928
1360000 -5.05598484424267
1361000 -5.07385984137417
1362000 -5.06894965900992
1363000 -5.07225401164936
1364000 -5.10037264909657
1365000 -5.07209856177857
1366000 -5.12087623673178
1367000 -5.07597550982064
1368000 -5.13521166579438
1369000 -5.07403083958511
1370000 -5.11142318512203
1371000 -5.11686828983095
1372000 -5.12049797612626
1373000 -5.12734016488707
1374000 -5.11643244269018
1375000 -5.13424234930399
1376000 -5.13168053741422
1377000 -5.12163551949768
1378000 -5.15966177529954
1379000 -5.12956799772557
1380000 -5.16717567236907
1381000 -5.13965922696856
1382000 -5.16474617811364
1383000 -5.17443079243054
1384000 -5.14946409279025
1385000 -5.20424497088386
1386000 -5.15665587213452
1387000 -5.20328019531967
1388000 -5.15579178643274
1389000 -5.19745508271629
1390000 -5.18060578964826
1391000 -5.18607379731898
1392000 -5.2097871651727
1393000 -5.19996685287713
1394000 -5.21127465720954
1395000 -5.19070375223748
1396000 -5.2392785331748
1397000 -5.20575700809057
1398000 -5.2135397087226
1399000 -5.24045585503587
1400000 -5.2300582071243
1401000 -5.23985531297871
1402000 -5.239900668968
1403000 -5.23179817587443
1404000 -5.25494181850019
1405000 -5.24394700284416
1406000 -5.25368884527527
1407000 -5.2453790859188
1408000 -5.27046802654898
1409000 -5.25244312837942
1410000 -5.26916253657131
1411000 -5.29208744524712
1412000 -5.24757264106043
1413000 -5.30007892140259
1414000 -5.2894425709172
1415000 -5.29523035712724
1416000 -5.3054929944922
1417000 -5.28844431316951
1418000 -5.30689387730623
1419000 -5.29784691949699
1420000 -5.33398722919206
1421000 -5.29820810179158
1422000 -5.33773799909108
1423000 -5.32112918195812
1424000 -5.33540199362884
1425000 -5.32633097856745
1426000 -5.32881950639756
1427000 -5.36398579924368
1428000 -5.31622640102585
1429000 -5.36173336913153
1430000 -5.31567874893658
1431000 -5.38727118698515
1432000 -5.33242240173484
1433000 -5.35738040961684
1434000 -5.37443916283171
1435000 -5.33883603508138
1436000 -5.40699899565717
1437000 -5.34948731103951
1438000 -5.40076162532073
1439000 -5.36554153410479
1440000 -5.40225040678782
1441000 -5.40116687555582
1442000 -5.38024781881171
1443000 -5.41216417847216
1444000 -5.38607980707655
1445000 -5.42158919186035
1446000 -5.41025592337989
1447000 -5.40838188575267
1448000 -5.43567634872572
1449000 -5.4077512761056
1450000 -5.44323940004075
1451000 -5.40887416719112
1452000 -5.45487635774788
1453000 -5.44570131606896
1454000 -5.43889853693304
1455000 -5.45090992385681
1456000 -5.44775928239074
1457000 -5.47324786899694
1458000 -5.43780723057052
1459000 -5.45526421375523
1460000 -5.47145207377338
1461000 -5.46021761371414
1462000 -5.49601764122698
1463000 -5.45311142554708
1464000 -5.51357610977566
1465000 -5.47335727359947
1466000 -5.49913206435135
1467000 -5.50252377435458
1468000 -5.47821071976373
1469000 -5.51628869266104
1470000 -5.49247397478327
1471000 -5.52093195553416
1472000 -5.49544358077828
1473000 -5.53045539622328
1474000 -5.53171311512497
1475000 -5.50747116278582
1476000 -5.55922626245359
1477000 -5.53124444865884
1478000 -5.55527610814276
1479000 -5.55390824712938
1480000 -5.53211406852895
1481000 -5.57316610161967
1482000 -5.53201174120396
1483000 -5.58751501060702
1484000 -5.55015498391534
1485000 -5.58189481831239
1486000 -5.57552733720884
1487000 -5.55690663181249
1488000 -5.60392075152115
1489000 -5.55519786699543
1490000 -5.61405170381922
1491000 -5.57495435835492
1492000 -5.60633813454419
1493000 -5.60634963563028
1494000 -5.59217498263117
1495000 -5.61692350183572
1496000 -5.59148893490859
1497000 -5.61358464871276
1498000 -5.62803443584826
1499000 -5.60513382203738
1500000 -5.64626302887505
1501000 -5.62437645106518
1502000 -5.64123709100118
1503000 -5.63728132992283
1504000 -5.649921547726
1505000 -5.66331302933625
1506000 -5.62756472301004
1507000 -5.68991164164224
1508000 -5.64154996854794
1509000 -5.65440145924926
1510000 -5.6674295447562
1511000 -5.67410189457575
1512000 -5.66090522876171
1513000 -5.67260277515815
1514000 -5.709586681837
1515000 -5.67130150950168
1516000 -5.68823950024158
1517000 -5.70438436370493
1518000 -5.69433904092492
1519000 -5.70643847360474
1520000 -5.70851480270006
1521000 -5.69114818113739
1522000 -5.72025409004068
1523000 -5.70428151244901
1524000 -5.72578840802788
1525000 -5.73422456749288
1526000 -5.7520100435756
1527000 -5.7335106461774
1528000 -5.74447796469885
1529000 -5.74589929152359
1530000 -5.73856861874156
1531000 -5.75891226613484
1532000 -5.74768084068237
1533000 -5.74659022453643
1534000 -5.75782673755359
1535000 -5.75600467134194
1536000 -5.79376326850341
1537000 -5.7730968318495
1538000 -5.7935836193695
1539000 -5.79095579473007
1540000 -5.77950839550315
1541000 -5.79047067117843
1542000 -5.78983780330781
1543000 -5.79690451248632
1544000 -5.81164043067892
1545000 -5.79970046522738
1546000 -5.81335840614793
1547000 -5.81873777357789
1548000 -5.80646609502128
1549000 -5.82289309088168
1550000 -5.8271695720412
1551000 -5.82452124365427
1552000 -5.83352281102146
1553000 -5.84455358771565
1554000 -5.84408550703145
1555000 -5.8408593030295
1556000 -5.84803549487838
1557000 -5.84236357221865
1558000 -5.84050562606932
1559000 -5.86802473537884
1560000 -5.85534517944839
1561000 -5.88954971836227
1562000 -5.86622698984148
1563000 -5.8819902099982
1564000 -5.89370619599137
1565000 -5.88368569041485
1566000 -5.88005624143325
1567000 -5.90672101774185
1568000 -5.88464550446402
1569000 -5.87368365997018
1570000 -5.92910852123443
1571000 -5.87304788032829
1572000 -5.92896311626873
1573000 -5.91350844847346
1574000 -5.91170996479815
1575000 -5.93810076170188
1576000 -5.90755057143189
1577000 -5.93682204339674
1578000 -5.94063796841646
1579000 -5.93401533374532
1580000 -5.96141796877066
1581000 -5.94113505143906
1582000 -5.96822303921739
1583000 -5.9637804480344
1584000 -5.97163365584258
1585000 -5.94970340667874
1586000 -5.96465920409943
1587000 -5.98918761449661
1588000 -5.9534897614945
1589000 -5.98664912109663
1590000 -5.98666632461157
1591000 -5.98611778655057
1592000 -6.00583084891226
1593000 -5.97838858065117
1594000 -6.00911056047503
1595000 -5.98815048647632
1596000 -6.00681827406501
1597000 -6.02281350443114
1598000 -5.9899516808052
1599000 -6.03281046859813
1600000 -6.0388718852758
1601000 -6.00408679037849
1602000 -6.05115314494738
1603000 -6.02846756627612
1604000 -6.03026667040459
1605000 -6.03839737755761
1606000 -6.06739087348334
1607000 -6.03506133734507
1608000 -6.05316612476578
1609000 -6.06255987423694
1610000 -6.04691909464661
1611000 -6.08002452154095
1612000 -6.05944968819583
1613000 -6.0765981471351
1614000 -6.07021357070535
1615000 -6.0843885744176
1616000 -6.09063672073711
1617000 -6.07638588962061
1618000 -6.10603589953494
1619000 -6.09101271634067
1620000 -6.0949251196114
1621000 -6.12222322629619
1622000 -6.08754123335217
1623000 -6.12657616103273
1624000 -6.11478582387045
1625000 -6.11701484073615
1626000 -6.13442225499038
1627000 -6.11670635603735
1628000 -6.1551067984022
1629000 -6.1295555178633
1630000 -6.14276173206874
1631000 -6.14983076337691
1632000 -6.13792353533538
1633000 -6.16384868650047
1634000 -6.12996330086322
1635000 -6.15228406791613
1636000 -6.18242392399628
1637000 -6.15055098710828
1638000 -6.17645040816332
1639000 -6.15906999594448
1640000 -6.18758198513527
1641000 -6.17656523622051
1642000 -6.16841686926594
1643000 -6.19916130697621
1644000 -6.19042422093978
1645000 -6.19340043472334
1646000 -6.21241870061355
1647000 -6.20594081288738
1648000 -6.21329167400166
1649000 -6.21357935740694
1650000 -6.21793575858767
1651000 -6.23193408549006
1652000 -6.21405753564361
1653000 -6.22488691374077
1654000 -6.22943554365023
1655000 -6.24072702917874
1656000 -6.23926212968384
1657000 -6.25907435721205
1658000 -6.24574889583705
1659000 -6.25500446143058
1660000 -6.27621932200302
1661000 -6.23929599865611
1662000 -6.26082524397725
1663000 -6.28219226999353
1664000 -6.23641722725475
1665000 -6.28783927834829
1666000 -6.2772429056
1667000 -6.27450455993024
1668000 -6.3032415902157
1669000 -6.28921691176512
1670000 -6.29922902004188
1671000 -6.29388069685882
1672000 -6.31738963777989
1673000 -6.30981211232407
1674000 -6.28637327084036
1675000 -6.32599386302901
1676000 -6.32185061281358
1677000 -6.30636868411069
1678000 -6.35505704096885
1679000 -6.31260622542159
1680000 -6.34300390433799
1681000 -6.34253325784259
1682000 -6.31139617438883
1683000 -6.37441380823884
1684000 -6.33100884169199
1685000 -6.3619371548664
1686000 -6.36685436713478
1687000 -6.34261491574257
1688000 -6.39222656247457
1689000 -6.36041988217034
1690000 -6.36002018033344
1691000 -6.39130294894695
1692000 -6.37240813161562
1693000 -6.39320127069863
1694000 -6.38778963393659
1695000 -6.40986125335318
1696000 -6.38343732624504
1697000 -6.38679067205627
1698000 -6.44159728495917
1699000 -6.37351845225277
1700000 -6.41514660780063
1701000 -6.43477767807399
1702000 -6.39143421697448
1703000 -6.4592134488053
1704000 -6.40871563870529
1705000 -6.42196840172185
1706000 -6.45211962393906
1707000 -6.404231560111
1708000 -6.45426728038451
1709000 -6.44322510739693
1710000 -6.43576640310622
1711000 -6.48010439967003
1712000 -6.43556874201516
1713000 -6.48204237018936
1714000 -6.45746349302666
1715000 -6.46170081884311
1716000 -6.49711497807361
1717000 -6.45350325682321
1718000 -6.48995852983326
1719000 -6.49719624060064
1720000 -6.47950869299964
1721000 -6.50735565222673
1722000 -6.46910338938837
1723000 -6.50741854043686
1724000 -6.52331571698652
1725000 -6.4867613568989
1726000 -6.54576422459491
1727000 -6.50118971356943
1728000 -6.51050043166367
1729000 -6.53473242281757
1730000 -6.51133719957071
1731000 -6.53551627187231
1732000 -6.53049157356498
1733000 -6.53655767677495
1734000 -6.53606366598678
1735000 -6.54723674653536
1736000 -6.55963012411539
1737000 -6.54100208414845
1738000 -6.54543865701325
1739000 -6.58955951783386
1740000 -6.53598066665643
1741000 -6.56822691422928
1742000 -6.58142952068223
1743000 -6.55121884500838
1744000 -6.57846050681887
1745000 -6.61228621431393
1746000 -6.56379896431677
1747000 -6.58979918118246
1748000 -6.5980065185956
1749000 -6.60082104641573
1750000 -6.60344602582246
1751000 -6.60764058291154
1752000 -6.60351816674107
1753000 -6.60869851885235
1754000 -6.63264116291389
1755000 -6.61965024701705
1756000 -6.60439288981361
1757000 -6.64561960690401
1758000 -6.63359860988593
1759000 -6.63167720276958
1760000 -6.65418633434653
1761000 -6.64684390096873
1762000 -6.65092662346832
1763000 -6.64947590942281
1764000 -6.65728827298387
1765000 -6.67772753505275
1766000 -6.64482101948479
1767000 -6.65686407441983
1768000 -6.68926797549353
1769000 -6.68774578465845
1770000 -6.67050379643426
1771000 -6.6566651699391
1772000 -6.71145363848864
1773000 -6.71109986790464
1774000 -6.68688328826944
1775000 -6.72245381636323
1776000 -6.71245154778619
1777000 -6.6755767439623
1778000 -6.72738003125237
1779000 -6.72187122533002
1780000 -6.69934654499738
1781000 -6.74512032375285
1782000 -6.72777694679076
1783000 -6.70638575074795
1784000 -6.74256050422778
1785000 -6.7503575706776
1786000 -6.74029189070305
1787000 -6.72803235106678
1788000 -6.77524335218669
1789000 -6.75746284309551
1790000 -6.7434831856486
1791000 -6.77399875741288
1792000 -6.76483317570322
1793000 -6.77896418882153
1794000 -6.77700938398591
1795000 -6.75690445947853
1796000 -6.78803217346307
1797000 -6.78493700254242
1798000 -6.78176217104255
1799000 -6.80847028317859
1800000 -6.80333836831415
1801000 -6.79402233371144
1802000 -6.81104198385305
1803000 -6.80456434066745
1804000 -6.8089134068196
1805000 -6.82501931142953
1806000 -6.82245455529958
1807000 -6.81468051192198
1808000 -6.82929358259904
1809000 -6.83558646380789
1810000 -6.82553760978167
1811000 -6.81831704298036
1812000 -6.85446076436453
1813000 -6.85896013252124
1814000 -6.8315706217155
1815000 -6.87359196952374
1816000 -6.85695736926129
1817000 -6.86119377089265
1818000 -6.89163403057406
1819000 -6.85751146903334
1820000 -6.8891138165062
1821000 -6.87484484309638
1822000 -6.87523179690746
1823000 -6.8948286569316
1824000 -6.87796564182817
1825000 -6.90608856997421
1826000 -6.894141660238
1827000 -6.89330396692309
1828000 -6.91850734010774
1829000 -6.90200073956911
1830000 -6.90116251175666
1831000 -6.92289000064172
1832000 -6.92194266980654
1833000 -6.92423978698168
1834000 -6.91921282485645
1835000 -6.91749773207583
1836000 -6.95514520525898
1837000 -6.93389433910866
1838000 -6.93290743136919
1839000 -6.94831117900435
1840000 -6.9411838022517
1841000 -6.95768611384138
1842000 -6.97388601411807
1843000 -6.95886451128852
1844000 -6.95808805267475
1845000 -6.95171624899309
1846000 -6.98210696488226
1847000 -6.99603122377612
1848000 -6.96802728225623
1849000 -6.96996236679438
1850000 -6.99929018166208
1851000 -6.983262738045
1852000 -7.00702077833683
1853000 -7.01453661977053
1854000 -6.99096115937895
1855000 -7.02947366182434
1856000 -7.01124854135249
1857000 -7.01544718213333
1858000 -7.03035351570369
1859000 -7.01895822749212
1860000 -7.02514061105145
1861000 -7.04493609403872
1862000 -7.03856477822247
1863000 -7.03442829074285
1864000 -7.02344702267594
1865000 -7.05524050406324
1866000 -7.06448790779073
1867000 -7.02779718837921
1868000 -7.06561134022214
1869000 -7.0749989876953
1870000 -7.07064524254446
1871000 -7.04866869462132
1872000 -7.0777958752908
1873000 -7.090247338525
1874000 -7.09329004531724
1875000 -7.08035713267796
1876000 -7.07462217468797
1877000 -7.12364324088982
1878000 -7.10909290408475
1879000 -7.11593039839223
1880000 -7.09129214588173
1881000 -7.08396067610648
1882000 -7.1226221247457
1883000 -7.11658082696831
1884000 -7.09866266747196
1885000 -7.13498247040214
1886000 -7.10483061741567
1887000 -7.12039172478756
1888000 -7.13871289031533
1889000 -7.11177582309297
1890000 -7.1332131247651
1891000 -7.14143469320716
1892000 -7.15797667844956
1893000 -7.1488562678505
1894000 -7.13999515901366
1895000 -7.16718804883432
1896000 -7.17231949915982
1897000 -7.16189417219963
1898000 -7.17909719215359
1899000 -7.16860588640691
1900000 -7.17485482180197
1901000 -7.20609636580494
1902000 -7.18168201705037
1903000 -7.18757939058709
1904000 -7.22641676057207
1905000 -7.2040470891239
1906000 -7.20202036443033
1907000 -7.22514883669779
1908000 -7.19447191107845
1909000 -7.22136678508167
1910000 -7.21592053004666
1911000 -7.22509665681996
1912000 -7.21796196367515
1913000 -7.21780571683413
1914000 -7.23776559235636
1915000 -7.23089408852012
1916000 -7.23499830119248
1917000 -7.24050162699475
1918000 -7.2341940746518
1919000 -7.24611390293816
1920000 -7.26606565885708
1921000 -7.23638077814238
1922000 -7.25265291080469
1923000 -7.27084993193418
1924000 -7.27111907630418
1925000 -7.27040727144845
1926000 -7.26408938477217
1927000 -7.27959193792133
1928000 -7.29205735972615
1929000 -7.28149165740366
1930000 -7.29475839343556
1931000 -7.29520452782304
1932000 -7.29737031391452
1933000 -7.31410189370249
1934000 -7.31857512904221
1935000 -7.26730421670979
1936000 -7.29988084125223
1937000 -7.32566030632005
1938000 -7.32832799044791
1939000 -7.33191939442534
1940000 -7.31418001155908
1941000 -7.31591325563636
1942000 -7.3408545037441
1943000 -7.3443239083226
1944000 -7.35269351223818
1945000 -7.33709676362811
1946000 -7.34141226053159
1947000 -7.36178157619049
1948000 -7.3745652342488
1949000 -7.36638047609255
1950000 -7.3484083231559
1951000 -7.35257751478096
1952000 -7.35988709226674
1953000 -7.40058560255289
1954000 -7.40048309714065
1955000 -7.40057624618195
1956000 -7.41357827445956
1957000 -7.38583571398193
1958000 -7.38389539007298
1959000 -7.39730651568122
1960000 -7.4211641052107
1961000 -7.40265345397073
1962000 -7.4140761313437
1963000 -7.40381124669266
1964000 -7.40670364757065
1965000 -7.42275485859675
1966000 -7.42328260988008
1967000 -7.42726631228745
1968000 -7.4375868943507
1969000 -7.46092253964303
1970000 -7.43034455335078
1971000 -7.41239209456457
1972000 -7.44317683344755
1973000 -7.46745971978997
1974000 -7.45437863005325
1975000 -7.44941878141257
1976000 -7.46009784998373
1977000 -7.45137459774781
1978000 -7.45350638049927
1979000 -7.4845853173985
1980000 -7.47824057305419
1981000 -7.47521993732
1982000 -7.48251096105285
1983000 -7.48066663080825
1984000 -7.47628783250156
1985000 -7.50317925446069
1986000 -7.50517242666618
1987000 -7.48028814136252
1988000 -7.49716315402086
1989000 -7.50930231500269
1990000 -7.51024949536001
1991000 -7.52388999450729
1992000 -7.54112932061744
1993000 -7.5204877091061
1994000 -7.52723226272448
1995000 -7.5030501577928
1996000 -7.5010785494611
1997000 -7.5216091714639
1998000 -7.54412953408699
1999000 -7.57124443344647
2000000 -7.54105479531834
2001000 -7.55101475146319
2002000 -7.56080948871063
2003000 -7.53791865366084
2004000 -7.56666029195273
2005000 -7.58389449554235
2006000 -7.55983327261337
2007000 -7.58689730153675
2008000 -7.59866959053439
2009000 -7.5510069438036
2010000 -7.59757909708
2011000 -7.60997102898009
2012000 -7.56932662906708
2013000 -7.60293500148309
2014000 -7.60645681206929
2015000 -7.57560560788701
2016000 -7.61186704653087
2017000 -7.62127391517051
2018000 -7.61036291161244
2019000 -7.65337834253432
2020000 -7.63247995030437
2021000 -7.59198790660308
2022000 -7.62696663811971
2023000 -7.62317512373085
2024000 -7.6300909216858
2025000 -7.67391598791358
2026000 -7.656534034673
2027000 -7.61458913229015
2028000 -7.66809275218958
2029000 -7.68090301363949
2030000 -7.64698059285302
2031000 -7.64997393020127
2032000 -7.6795941865793
2033000 -7.66979090526027
2034000 -7.65365818261546
2035000 -7.69049033117388
2036000 -7.71546148517323
2037000 -7.68168315817089
2038000 -7.68791867807219
2039000 -7.71947428473683
2040000 -7.68162046042882
2041000 -7.70880900964442
2042000 -7.74916201435771
2043000 -7.68783816336139
2044000 -7.71113068758197
2045000 -7.74779594375659
2046000 -7.70838824865724
2047000 -7.71620250166631
2048000 -7.74827588264369
2049000 -7.71652021627825
2050000 -7.75403739895561
2051000 -7.75104213150085
2052000 -7.7367215798142
2053000 -7.76697017913756
2054000 -7.74843609261382
2055000 -7.75107017138209
2056000 -7.77226175242008
2057000 -7.76665354907806
2058000 -7.75234180181982
2059000 -7.78801636069584
2060000 -7.76644248893817
2061000 -7.76656226790396
2062000 -7.78894982585091
2063000 -7.79186734754829
2064000 -7.77667247732521
2065000 -7.81550446983461
2066000 -7.79653001440854
2067000 -7.79495819170044
2068000 -7.83788875241665
2069000 -7.79695451676066
2070000 -7.77985408582907
2071000 -7.80959124770896
2072000 -7.79721269322618
2073000 -7.79618523384498
2074000 -7.85831254992862
2075000 -7.83000489047469
2076000 -7.80409553853217
2077000 -7.86290200612888
2078000 -7.85234102025065
2079000 -7.83471280926685
2080000 -7.87674458150647
2081000 -7.84777263737588
2082000 -7.84318979021257
2083000 -7.8520531573254
2084000 -7.87003041462869
2085000 -7.86883250963027
2086000 -7.88142458352054
2087000 -7.88065661399733
2088000 -7.87583806013912
2089000 -7.86506022883118
2090000 -7.91995990205965
2091000 -7.90536472887944
2092000 -7.86645449299501
2093000 -7.87472360575627
2094000 -7.90582790901338
2095000 -7.87491376924121
2096000 -7.9080450098265
2097000 -7.92291709894753
2098000 -7.90331567032116
2099000 -7.93516643220976
2100000 -7.93080817166493
2101000 -7.89637269377001
2102000 -7.9449743365928
2103000 -7.94617172386002
2104000 -7.91837736267692
2105000 -7.95731574536882
2106000 -7.93011243620301
2107000 -7.93733261783459
2108000 -7.96701344658078
2109000 -7.93796266846501
2110000 -7.96113677573666
2111000 -7.95270213942855
2112000 -7.91799108619535
2113000 -7.98202471232222
2114000 -7.95887928058804
2115000 -7.93304230811891
2116000 -7.99988665554112
2117000 -8.00614604385533
2118000 -7.9589020788665
2119000 -7.99739751233298
2120000 -8.00044106533855
2121000 -7.97033541244473
2122000 -7.99728544258117
2123000 -8.04929683726506
2124000 -7.99024934293905
2125000 -8.00661698321061
2126000 -8.02932081032318
2127000 -7.99293175145166
2128000 -8.02125627161458
2129000 -8.06014444333789
2130000 -8.02102677091952
2131000 -8.0309855187952
2132000 -8.04566711674966
2133000 -8.02434993107462
2134000 -8.0362390714568
2135000 -8.0727212622028
2136000 -8.0351283704898
2137000 -8.04477126218105
2138000 -8.08030222997672
2139000 -8.05079411844959
2140000 -8.04274768137501
2141000 -8.07938570836079
2142000 -8.06429555450532
2143000 -8.04955638742057
2144000 -8.09003267756758
2145000 -8.07703482852457
2146000 -8.06644245050052
2147000 -8.09929030615618
2148000 -8.10506608426381
2149000 -8.07682687031337
2150000 -8.08621735392412
2151000 -8.08637975130285
2152000 -8.10720919344781
2153000 -8.12523073378904
2154000 -8.11828648626462
2155000 -8.12881683539565
2156000 -8.1122885153891
2157000 -8.10574993311494
2158000 -8.14260710422685
2159000 -8.15792079177597
2160000 -8.11040429603466
2161000 -8.12894919709205
2162000 -8.1459869086385
2163000 -8.10409584897254
2164000 -8.12234171735362
2165000 -8.15401798538549
2166000 -8.1494223619251
2167000 -8.08847025328482
2168000 -8.07465951167186
2169000 -8.07959914479554
2170000 -8.07838886930553
2171000 -8.077450041928
2172000 -8.07146546014404
2173000 -8.06014431209958
2174000 -8.05162595198614
2175000 -8.04452975204456
2176000 -8.02824176571856
2177000 -8.01647478417211
2178000 -8.06066121248339
2179000 -8.10383557087866
2180000 -8.13376284809217
2181000 -8.17475785675106
2182000 -8.17779536057613
2183000 -8.16327571266
2184000 -8.15255717181735
2185000 -8.15521725510502
2186000 -8.13572512984069
2187000 -8.16287907167525
2188000 -8.14466533804194
2189000 -8.14554908516409
2190000 -8.10382850503895
2191000 -8.08589021775577
2192000 -8.0845061835046
2193000 -8.09003050508327
2194000 -8.09612718153603
2195000 -8.10631116737464
2196000 -8.14925171190781
2197000 -8.15691661321857
2198000 -8.16508874481657
2199000 -8.1799690840635
2200000 -8.19595245969221
2201000 -8.19812017268312
2202000 -8.171039773571
2203000 -8.18223235652256
2204000 -8.17281647531805
2205000 -8.18108796576781
2206000 -8.15552334881
2207000 -8.13118078256945
2208000 -8.14040338991005
2209000 -8.14811006518174
2210000 -8.14141730493275
2211000 -8.14925385264174
2212000 -8.17542351557495
2213000 -8.169387447885
2214000 -8.21190861146812
2215000 -8.22505238937276
2216000 -8.22765622056811
2217000 -8.23241482972402
2218000 -8.22480740238114
2219000 -8.22322551300417
2220000 -8.23196526821918
2221000 -8.22673871324553
2222000 -8.25097529822142
2223000 -8.22187594291105
2224000 -8.20900312774849
2225000 -8.19328161755808
2226000 -8.19011649729779
2227000 -8.17994218179948
2228000 -8.19173529236511
2229000 -8.21129385178551
2230000 -8.20687219335356
2231000 -8.20610945115668
2232000 -8.23766998889022
2233000 -8.23913502172551
2234000 -8.27796185244871
2235000 -8.27809327654829
2236000 -8.27563381883661
2237000 -8.28623429298288
2238000 -8.27506640507595
2239000 -8.27463829902704
2240000 -8.27372609057168
2241000 -8.24157011239959
2242000 -8.23534926324569
2243000 -8.25055083031155
2244000 -8.26203964370051
2245000 -8.25164391739164
2246000 -8.2300302216183
2247000 -8.24902295656437
2248000 -8.26412251251493
2249000 -8.26741443922375
2250000 -8.28492215877363
2251000 -8.31639299681713
2252000 -8.34356892297052
2253000 -8.32296606947888
2254000 -8.33470064800417
2255000 -8.34894242003706
2256000 -8.35507023994404
2257000 -8.32783989330079
2258000 -8.30372578995309
2259000 -8.2835688148307
2260000 -8.28111422243365
2261000 -8.26076052102503
2262000 -8.26915308019065
2263000 -8.26483389598654
2264000 -8.26469757025896
2265000 -8.25779162237907
2266000 -8.22596607047788
2267000 -8.24041085940246
2268000 -8.2670150069662
2269000 -8.2386303712338
2270000 -8.23486012996349
2271000 -8.20506624999862
2272000 -8.19469301509093
2273000 -8.22727089319019
2274000 -8.23592657471929
2275000 -8.23597290509977
2276000 -8.2589260609669
2277000 -8.24842841159519
2278000 -8.24068111579284
2279000 -8.2142316567418
2280000 -8.2474594792347
2281000 -8.2365302755349
2282000 -8.25104903693138
2283000 -8.25269358947808
2284000 -8.27154767237267
2285000 -8.24244058645671
2286000 -8.24162362268062
2287000 -8.26959318764518
2288000 -8.2881640338183
2289000 -8.30208542214834
2290000 -8.28389091322444
2291000 -8.2588001264023
2292000 -8.27783744614238
2293000 -8.2705607072822
2294000 -8.28016560156901
2295000 -8.28835384643395
2296000 -8.33154315002564
2297000 -8.32211402762963
2298000 -8.29195238364369
2299000 -8.30716209941948
2300000 -8.32527565285085
2301000 -8.3366798453319
2302000 -8.34415670624204
2303000 -8.36374766760208
2304000 -8.34464871504456
2305000 -8.34082153828089
2306000 -8.33900801795793
2307000 -8.35596378616329
2308000 -8.36601188248173
2309000 -8.34772298940396
2310000 -8.35408464466911
2311000 -8.33789566000549
2312000 -8.35591278462478
2313000 -8.37127408541874
2314000 -8.39126828635486
2315000 -8.36652934759747
2316000 -8.35970321757635
2317000 -8.35433872266621
2318000 -8.34195149986883
2319000 -8.36009477552446
2320000 -8.33557348143507
2321000 -8.34312020670158
2322000 -8.34441307511171
2323000 -8.37785926521513
2324000 -8.39736587361237
2325000 -8.39245327615578
2326000 -8.38538119383803
2327000 -8.37538026301844
2328000 -5.88274315809239
2329000 0.277768401433159
2330000 0.0214547784779543
2331000 -0.148062256601573
2332000 0.312799824792588
2333000 -0.100275237696456
2334000 0.0408788993596551
2335000 -0.0733979028896497
2336000 0.0106844410228467
2337000 -0.000499439672049642
2338000 -0.00892004163512738
2339000 -0.0690097154175245
2340000 -0.0735422136545004
2341000 -0.0723304463860787
2342000 0.00440313149032618
2343000 0.0126930663819247
2344000 -0.11830161082325
2345000 -0.0268163844513801
2346000 -0.0986648251344532
2347000 -0.0891746004948034
2348000 -0.0457431373621677
2349000 -0.0660221238687138
2350000 -0.0760022691642517
2351000 -0.0414870412847135
2352000 -0.0449152157022661
2353000 -0.102638242470562
2354000 -0.0202039288312672
2355000 -0.0728208487039223
2356000 -0.116306203597839
2357000 -0.0545878372612931
2358000 -0.157027404287468
2359000 -0.0873408347102753
2360000 -0.125192909665272
2361000 -0.149147711580278
2362000 -0.148452600482211
2363000 -0.081329652555839
2364000 -0.0721319707655378
2365000 -0.0903719167446116
2366000 -0.0583496119022344
2367000 -0.0568188122465494
2368000 -0.0266880336856314
2369000 -0.0382539296582556
2370000 -0.0259660042213745
2371000 0.0211882331805245
2372000 -0.0984035454560763
2373000 -0.0699425089854373
2374000 -0.06474418514223
2375000 -0.104453167556648
2376000 -0.0618924086189009
2377000 -0.0799141403282595
2378000 -0.116320928215253
2379000 -0.0274753447785363
2380000 -0.107808090964461
2381000 -0.0522223882630907
2382000 -0.119614683768359
2383000 -0.0233204534463639
2384000 -0.106394088049125
2385000 -0.0719239516820811
2386000 -0.0799364787443226
2387000 -0.0416739768958994
2388000 -0.0802133462169158
2389000 -0.0118768915905419
2390000 -0.0932322132542821
2391000 -0.0121050988989886
2392000 -0.114664629474705
2393000 -0.0516909899388531
2394000 -0.165488393863559
2395000 -0.0280600499457757
2396000 -0.168325007206364
2397000 -0.0579035419619814
2398000 -0.0784050431079118
2399000 -0.109364639997832
2400000 -0.0838991237195779
2401000 -0.0788625369295893
2402000 -0.109992939991581
2403000 -0.0891750352451347
2404000 -0.064035582472743
2405000 -0.123812109397551
2406000 -0.0891626591880129
2407000 -0.120580962130982
2408000 -0.117280503450452
2409000 -0.100608752350704
2410000 -0.0927925767984983
2411000 -0.0988756722413474
2412000 -0.121848710475669
2413000 -0.152491519839826
2414000 -0.0938776996211038
2415000 -0.166115456519938
2416000 -0.0918166896537231
2417000 -0.103061132495769
2418000 -0.109684905082255
2419000 -0.0982144903893141
2420000 -0.0768402854976972
2421000 -0.12859067107459
2422000 -0.102465283026462
2423000 -0.0983949525574377
2424000 -0.105989827546482
2425000 -0.105090692756508
2426000 -0.136150566328653
2427000 -0.103497390933506
2428000 -0.089867660125626
2429000 -0.179687152371587
2430000 -0.0471716981096861
2431000 -0.0954216569460222
2432000 -0.127002780664391
2433000 -0.105491954936808
2434000 -0.0685911324374064
2435000 -0.104541892258535
2436000 -0.0585747463472571
2437000 -0.0706530851495036
2438000 -0.0764059330158721
2439000 -0.0700631762122204
2440000 -0.0781951367422538
2441000 -0.0890668691630735
2442000 -0.117653832530909
2443000 -0.129911391874119
2444000 -0.0871334318880605
2445000 -0.102112953576683
2446000 -0.113513305806681
2447000 -0.11756031265357
2448000 -0.0783576042747016
2449000 -0.12274345059239
2450000 -0.120864648208079
2451000 -0.0668090471074857
2452000 -0.149733852250126
2453000 -0.0833692508429777
2454000 -0.0930993591666951
2455000 -0.122855782936208
2456000 -0.0949154880813538
2457000 -0.0879287404176867
2458000 -0.0647623394491143
2459000 -0.124754607621954
2460000 -0.0783452269159016
2461000 -0.0747240190791471
2462000 -0.112415603245773
2463000 -0.070550947281408
2464000 -0.109611660607881
2465000 -0.105996649782241
2466000 -0.0699035246923032
2467000 -0.074464093538039
2468000 -0.0846485878070166
2469000 -0.110376172088082
2470000 -0.0697043652408393
2471000 -0.0521999985491496
2472000 -0.0954315588352155
2473000 -0.0969485014721227
2474000 -0.0936318566797077
2475000 -0.0707931545783614
2476000 -0.0717757757359427
2477000 -0.0686349544908996
2478000 -0.095801321372542
2479000 -0.101628934938485
2480000 -0.120326904067415
2481000 -0.0389675113408728
2482000 -0.0739622181121897
2483000 -0.10679220264565
2484000 -0.105162614162118
2485000 -0.0651594853501984
2486000 -0.0862589887347265
2487000 -0.138401506467662
2488000 -0.0531005646897272
2489000 -0.0944031832653504
2490000 -0.119878227834187
2491000 -0.14713965320714
2492000 -0.0975014473853142
2493000 -0.0930049894197369
2494000 -0.102003400576743
2495000 -0.121175062013523
2496000 -0.106239009275764
2497000 -0.111375465638519
2498000 -0.115592556236543
2499000 -0.124849108018524
2500000 -0.123994113005421
2501000 -0.124018008375155
2502000 -0.136663234944788
2503000 -0.121018097857699
2504000 -0.052291689583579
2505000 0.139198395352699
2506000 0.0178033904174345
2507000 0.0106628620515693
2508000 0.05395494602113
2509000 0.0458490226489718
2510000 0.0508706592431054
2511000 0.094144002314583
2512000 0.0681136685074698
2513000 0.0495360529929078
2514000 0.0651188226469983
2515000 0.101291664791683
2516000 0.0592969377754789
2517000 0.0593049567032404
2518000 -0.00144195650767007
2519000 0.0389119306682249
2520000 0.0543798253179184
2521000 0.0161419944179601
2522000 0.0529534670233896
2523000 0.0323127246952096
2524000 -0.00608026225295732
2525000 0.0610953590652912
2526000 0.0188149223463228
2527000 0.0167822516364817
2528000 0.0342983919115591
2529000 0.0117714738046689
2530000 -0.0497613094834841
2531000 -0.000707599537210569
2532000 -0.0199626444713583
2533000 -0.0402881235565223
2534000 0.0349295553035619
2535000 -0.0350290784898432
2536000 -0.000247637139001945
2537000 0.00863275148616213
2538000 -0.0443226670521703
2539000 -0.0580711408840305
2540000 0.0010633060256142
2541000 -0.0291644971926463
2542000 -0.0163833536462001
2543000 -0.00645130237365813
2544000 -0.0828239259613038
2545000 -0.0319065433566859
2546000 0.0308936762452273
2547000 -0.0272265809833684
2548000 -0.0229437944838299
2549000 -0.0632381336285935
2550000 0.00546507372298186
2551000 -0.0482457883255474
2552000 -0.0255858215233999
2553000 -0.0753867794018577
2554000 -0.052777973009344
2555000 -0.0695741419962295
2556000 -0.0639979768610492
2557000 -0.0467116199090352
2558000 -0.0434961477662516
2559000 -0.00209001077488362
2560000 -0.0396675157358135
2561000 -0.0265012163771528
2562000 -0.0893202550439968
2563000 -0.0357646456923315
2564000 -0.0987448418791866
2565000 -0.000340373474974022
2566000 0.00910298944229902
2567000 -0.0478056893429572
2568000 0.0201624580207035
2569000 0.0402471275418032
2570000 0.0646717186736186
2571000 0.0491090169857111
2572000 0.061989483523824
2573000 -0.0209949238610749
2574000 0.0135071946026474
2575000 0.0424560058693088
2576000 -0.00257594946661241
2577000 -0.0025305701732384
2578000 -0.00472232866900318
2579000 0.00214200255800933
2580000 0.0412420368964563
2581000 0.0122676737910226
2582000 0.0439733220161899
2583000 0.0149393772066822
2584000 0.0364652300669965
2585000 0.0359489928259136
2586000 0.0021438004249
2587000 -0.00816730017406371
2588000 0.0106682547199814
2589000 -0.01709900891373
2590000 0.0342371882443618
2591000 -0.051244610281055
2592000 -0.0113447385560113
2593000 -0.0221795613839484
2594000 0.0313091375484827
2595000 -0.00903584440843122
2596000 0.0751393429546777
2597000 -0.0537773459648619
2598000 0.0811402850815608
2599000 0.00618584927595856
2600000 0.0716159507851107
2601000 0.044773087708334
2602000 0.0626083503046769
2603000 0.10658469867678
2604000 0.0577815158658777
2605000 0.0745413287611113
2606000 0.0867742247708978
2607000 0.0477288220952232
2608000 0.0423666549122555
2609000 0.0707076931145284
2610000 0.126056929056181
2611000 -0.000623355149162127
2612000 0.0863989038624181
2613000 0.0268229655479304
2614000 0.0464956141526561
2615000 0.0157369468487577
2616000 0.0607751929983852
2617000 0.017328259340577
2618000 0.0777358067197476
2619000 0.0380128723408853
2620000 0.103151434904075
2621000 0.0718908132471614
2622000 0.059516131948455
2623000 0.0645323921060614
2624000 0.0711383645312252
2625000 0.0608861357538158
2626000 0.0249198276460321
2627000 0.0723488562990659
2628000 0.0723929008038392
2629000 0.0803263137818263
2630000 0.110762695913118
2631000 0.0196609523144461
2632000 0.100697793619772
2633000 0.0156855060522318
2634000 0.0567381996077931
2635000 -0.00244716019789389
2636000 0.0875402717177532
2637000 0.106991742742495
2638000 0.0507118468717238
2639000 0.00823825700246111
2640000 0.00795045250940154
2641000 0.055764721432622
2642000 0.0224057520736067
2643000 0.0712804837799772
2644000 0.019898936004613
2645000 0.0780942137344382
2646000 0.115937187043336
2647000 0.100728244504482
2648000 0.0694634542405341
2649000 0.113475876592117
2650000 0.0911818346332794
2651000 0.0667110062950346
2652000 0.110535987330031
2653000 0.113108744295179
2654000 0.0616809113989882
2655000 0.0583228772052263
2656000 0.0328275233173751
2657000 0.0912143473113722
2658000 0.099143540176477
2659000 0.059273869380849
2660000 0.0844683151580324
2661000 0.0193506497147937
2662000 0.0786740650984458
2663000 0.0417917186069119
2664000 0.120783215802415
2665000 0.0326511799574861
2666000 0.112729363002111
2667000 0.0889827648226219
2668000 0.0401413907464891
2669000 0.0470333142971908
2670000 -0.00980581118859938
2671000 0.0358538399025601
2672000 0.0360159276429674
2673000 0.0316469639153882
2674000 0.00955542984625993
2675000 0.0112085694170075
2676000 0.00514619322312234
2677000 0.0544905163097405
2678000 0.0032025938046415
2679000 0.0414157210819343
2680000 0.0398307681501523
2681000 -0.0435810388371656
2682000 0.0538388213631681
2683000 -0.00350762074071014
2684000 0.0196819287895672
2685000 -0.0176959678033385
2686000 0.0168912197801587
2687000 -0.0191539521266205
2688000 -0.0716593765342919
2689000 0.00987203652757607
2690000 -0.0423264499067204
2691000 -0.0116911405745603
2692000 -0.00452335542060997
2693000 -0.0407747379677046
2694000 0.0450348140529614
2695000 -0.0368554432533463
2696000 -0.0391895173965544
2697000 -0.0429419995205369
2698000 0.00758489754025757
2699000 -0.0702114098010829
2700000 -0.070333541106462
2701000 0.0027209655250607
2702000 -0.0972261638254723
2703000 -0.0156682826682222
2704000 -0.0707795954322654
2705000 -0.0440696617711967
2706000 -0.0356403356522056
2707000 -0.0865603090768684
2708000 -0.016961242110347
2709000 -0.0928667106881842
2710000 -0.0511752653615937
2711000 -0.0939998771128758
2712000 -0.060594493557784
2713000 -0.0948429871982748
2714000 -0.00511745051985702
2715000 -0.0575661232262435
2716000 -0.090898177131674
2717000 -0.0422158639681972
2718000 -0.0752083901121953
2719000 0.0317009117111165
2720000 -0.0149053513498646
2721000 -0.00515497068660234
2722000 0.00830992287607104
2723000 -0.00258820636494952
2724000 -0.0409838791840479
2725000 -0.0579656144294321
2726000 -0.00782595778363933
2727000 -0.0327133211652737
2728000 -0.0866131008714413
2729000 -0.0472656577195434
2730000 -0.0562543450085902
2731000 -0.0441291188590811
2732000 0.00959863626130512
2733000 -0.0674378164448624
2734000 0.00735048207192882
2735000 -0.0386264716063366
2736000 -0.0626458451112018
2737000 -0.0301400281196188
2738000 -0.1057842168999
2739000 -0.0686866853713351
2740000 -0.0899219043928433
2741000 -0.0907925771959976
2742000 -0.0386594261438687
2743000 -0.0505792901992865
2744000 -0.0254169260206101
2745000 -0.031710188686119
2746000 -0.0752237181994668
2747000 -0.0322769703476686
2748000 -0.0362622033213651
2749000 -0.0155972206240913
2750000 -0.0503027395801344
2751000 -0.0474740007752378
2752000 -0.0173239468829745
2753000 -0.0602643961594166
2754000 -0.0479019847304257
2755000 -0.0706903182887309
2756000 -0.0631337269251567
2757000 -0.108298080347946
2758000 -0.0675601066876284
2759000 -0.0563003061608471
2760000 -0.103044740186496
2761000 -0.0387965353183506
2762000 -0.0767248155123453
2763000 -0.103487377356591
2764000 -0.0994911483209852
2765000 -0.076068372085864
2766000 -0.105625972520274
2767000 -0.0769526065556028
2768000 -0.0862464473952873
2769000 -0.0630849091860074
2770000 -0.0677132920561204
2771000 -0.0490354714380748
2772000 -0.0898760899754862
2773000 -0.0666564081686093
2774000 -0.0306328201652736
2775000 -0.069625311289412
2776000 -0.120697353720272
2777000 -0.0664106966022897
2778000 -0.0884878018242396
2779000 -0.0334734047952744
2780000 -0.0724614565916259
2781000 -0.101301873786877
2782000 -0.120517062133987
2783000 -0.0229607075974192
2784000 -0.105591901606801
2785000 -0.0479326950167839
2786000 -0.0865697350699688
2787000 -0.0806472468349248
2788000 -0.0977710499590064
2789000 -0.122187416321578
2790000 -0.070812356060593
2791000 -0.0863101237689747
2792000 -0.0926461785676605
2793000 -0.0485876868324539
2794000 -0.115219905142745
2795000 -0.117067024297298
2796000 -0.108720555708928
2797000 -0.0553184152729378
2798000 -0.0985425940303128
2799000 -0.144466762363429
2800000 -0.14191793023506
2801000 -0.117908758581801
2802000 -0.0959338819938863
2803000 -0.0866610384704751
2804000 -0.132827945032671
2805000 -0.0878714355092036
2806000 -0.13503987942977
2807000 -0.0949651114304611
2808000 -0.134180239018121
2809000 -0.0814671791295104
2810000 -0.129704767432767
2811000 -0.124782485647214
2812000 -0.125794798589213
2813000 -0.104186663303546
2814000 -0.116341274551486
2815000 -0.163706254270615
2816000 -0.0638745945104836
2817000 -0.126691561763261
2818000 -0.124380705151779
2819000 -0.167451904961916
2820000 -0.13421376966156
2821000 -0.139064723088303
2822000 -0.163106311336283
2823000 -0.126144433937692
2824000 -0.143105656082076
2825000 -0.100394473996376
2826000 -0.198860202224845
2827000 -0.143352726429459
2828000 -0.193200986857349
2829000 -0.121003059504491
2830000 -0.195891904577154
2831000 -0.0914612510617048
2832000 -0.0814095941406035
2833000 -0.145049519919074
2834000 -0.106573264892133
2835000 -0.138762541923986
2836000 -0.203627265072342
2837000 -0.0653184356266634
2838000 -0.139768114138262
2839000 -0.170779299069273
2840000 -0.219874979807248
2841000 -0.123507353927011
2842000 -0.147056037065511
2843000 -0.193152705905845
2844000 -0.156426761787169
2845000 -0.186512787187997
2846000 -0.148169538706225
2847000 -0.177218295185586
2848000 -0.189346571997914
2849000 -0.184738261304962
2850000 -0.185002249720406
2851000 -0.184260285130413
2852000 -0.124027278729283
2853000 -0.118160694913358
2854000 -0.183103881762199
2855000 -0.1502724826091
2856000 -0.18605399488495
2857000 -0.136095551449658
2858000 -0.186921649341618
2859000 -0.117683845088395
2860000 -0.20605300398262
2861000 -0.130440245178236
2862000 -0.16200677362801
2863000 -0.140022036075384
2864000 -0.161249022102304
2865000 -0.196854772514259
2866000 -0.111159299165451
2867000 -0.169118242115473
2868000 -0.125880414797412
2869000 -0.189502642839375
2870000 -0.118761982355079
2871000 -0.199052960047102
2872000 -0.17681943821131
2873000 -0.149540568622809
2874000 -0.159095613704257
2875000 -0.146565417874867
2876000 -0.117782808490084
2877000 -0.119881186623278
2878000 -0.19844197313843
2879000 -0.0922994612422435
2880000 -0.0658521371133338
2881000 -0.130126019169578
2882000 -0.0993435731551391
2883000 -0.150707440970158
2884000 -0.135488670054605
2885000 -0.135518018566949
2886000 -0.109776071274345
2887000 -0.112206250601488
2888000 -0.0888930384146036
2889000 -0.098398811477904
2890000 -0.127587731300531
2891000 -0.088522724153399
2892000 -0.133642134910819
2893000 -0.138681087693744
2894000 -0.082783941896688
2895000 -0.138471286146852
2896000 -0.040959987930434
2897000 -0.107866973966363
