#Timestep  sxy 
100000 -0.00378671632569197
101000 -0.00591955862893028
102000 -0.00863523580490323
103000 -0.0188302490791259
104000 -0.0195240268166378
105000 -0.0272971926071521
106000 -0.0343370354503646
107000 -0.0366877477170364
108000 -0.041316245600154
109000 -0.0481532086561592
110000 -0.0537345561278754
111000 -0.0585661933786283
112000 -0.0647574042962967
113000 -0.0669634985110522
114000 -0.0766674094032006
115000 -0.0787227475787808
116000 -0.0835932975767924
117000 -0.0904415662324099
118000 -0.0953344824677841
119000 -0.103249810299272
120000 -0.107292443191944
121000 -0.108935689228769
122000 -0.122631761643888
123000 -0.124377950779132
124000 -0.127827322637224
125000 -0.133829578198715
126000 -0.135861798199085
127000 -0.144678740970913
128000 -0.151263646047804
129000 -0.156384095663551
130000 -0.161669303133682
131000 -0.167090848510096
132000 -0.169420345499265
133000 -0.178706008793663
134000 -0.180061001893799
135000 -0.184861335228952
136000 -0.1887270257918
137000 -0.197289974343696
138000 -0.201928597205342
139000 -0.210470984921287
140000 -0.212286238192015
141000 -0.21971250395782
142000 -0.222225378420636
143000 -0.226886703666804
144000 -0.233435333037023
145000 -0.239694249960963
146000 -0.240391136617537
147000 -0.237917125363224
148000 -0.249826117695638
149000 -0.249253488553217
150000 -0.257321603751846
151000 -0.26132469739896
152000 -0.268871648248761
153000 -0.274033435133701
154000 -0.28075505978045
155000 -0.283065964918779
156000 -0.28324166200254
157000 -0.294042247974958
158000 -0.295318824315248
159000 -0.305174912981414
160000 -0.306466012634095
161000 -0.309135591612173
162000 -0.313148625694513
163000 -0.313461085041095
164000 -0.312248649412107
165000 -0.314164681569025
166000 -0.309149797073047
167000 -0.317935952523409
168000 -0.328005692569196
169000 -0.337553426846896
170000 -0.343369759595765
171000 -0.347252790614294
172000 -0.352735291103072
173000 -0.357944210960509
174000 -0.3523129056402
175000 -0.35921047196808
176000 -0.358448732561499
177000 -0.363500195760963
178000 -0.368187230678986
179000 -0.369300099678073
180000 -0.374202856187936
181000 -0.383498884666475
182000 -0.384701869394833
183000 -0.391645479677306
184000 -0.398849564309199
185000 -0.401727005507644
186000 -0.399404254703542
187000 -0.403763400463189
188000 -0.396063014530309
189000 -0.40131794456919
190000 -0.410094463255296
191000 -0.425025704514243
192000 -0.433190917400835
193000 -0.437548587580936
194000 -0.436754532937391
195000 -0.433577116710563
196000 -0.428133543987041
197000 -0.427295802354401
198000 -0.442213313265
199000 -0.454329896376868
200000 -0.458989419049992
201000 -0.462855820491275
202000 -0.461592951089994
203000 -0.45717429370798
204000 -0.462650248349795
205000 -0.469583589200442
206000 -0.483491531662715
207000 -0.48815346899577
208000 -0.488961516248959
209000 -0.485413234449518
210000 -0.492683569315055
211000 -0.492032471893331
212000 -0.495393184341479
213000 -0.499858182030354
214000 -0.505720624553266
215000 -0.51246124357304
216000 -0.51688336129614
217000 -0.524970441228782
218000 -0.528016164882354
219000 -0.527116118955934
220000 -0.523966779730845
221000 -0.526745939540394
222000 -0.532209840619221
223000 -0.544787671161811
224000 -0.554187482960699
225000 -0.562871840941041
226000 -0.555663602112357
227000 -0.541289304716484
228000 -0.550019009333235
229000 -0.569229860626709
230000 -0.582315030422627
231000 -0.587734553576054
232000 -0.582473565497256
233000 -0.573973628833023
234000 -0.575236697052919
235000 -0.594071304774422
236000 -0.613631896143941
237000 -0.612242476514734
238000 -0.609076913790205
239000 -0.593326407924255
240000 -0.596799346690429
241000 -0.615748579430904
242000 -0.629172713994524
243000 -0.635105286794752
244000 -0.621479133247417
245000 -0.612259090385653
246000 -0.616082847778441
247000 -0.639279035477949
248000 -0.655219561074673
249000 -0.656075541520584
250000 -0.636301281966746
251000 -0.635251686647314
252000 -0.643840039173676
253000 -0.667335939548424
254000 -0.678571880405713
255000 -0.666976186789179
256000 -0.658974771622432
257000 -0.661593719471986
258000 -0.681034902150028
259000 -0.698663575673127
260000 -0.694985631333667
261000 -0.685449871453003
262000 -0.682444687676406
263000 -0.690342779260314
264000 -0.716646262784787
265000 -0.719753773716426
266000 -0.703371340434361
267000 -0.709010254644263
268000 -0.713702311362687
269000 -0.729182764470485
270000 -0.739616596312833
271000 -0.720677135046869
272000 -0.721212295209142
273000 -0.740295712796826
274000 -0.750437270954787
275000 -0.755168642093326
276000 -0.743986780238435
277000 -0.735920229044861
278000 -0.760989683770469
279000 -0.773972542039847
280000 -0.777223737194454
281000 -0.761826255600398
282000 -0.750410818330722
283000 -0.781328051275585
284000 -0.792654862510838
285000 -0.789194918165575
286000 -0.77848213012999
287000 -0.772322951439414
288000 -0.793957250822204
289000 -0.818187290764253
290000 -0.808220269454953
291000 -0.782319361046773
292000 -0.795527948388661
293000 -0.827311255777274
294000 -0.834514845445303
295000 -0.823204726851302
296000 -0.805930681361188
297000 -0.819055118592673
298000 -0.856339883928474
299000 -0.85171390501064
300000 -0.838354749065487
301000 -0.823230462868155
302000 -0.844296480596881
303000 -0.882192181330853
304000 -0.868091225692356
305000 -0.850459136350338
306000 -0.849354777508299
307000 -0.882477143156786
308000 -0.902814334579666
309000 -0.88164443087052
310000 -0.854602132708488
311000 -0.875706750285817
312000 -0.911325802565478
313000 -0.911466098017925
314000 -0.87983903466252
315000 -0.878254078753471
316000 -0.913618282783788
317000 -0.935507844968035
318000 -0.911002551322109
319000 -0.885959812197899
320000 -0.910603220767185
321000 -0.946800254596252
322000 -0.945781033633727
323000 -0.905555654053977
324000 -0.91091123843382
325000 -0.957116440066872
326000 -0.971104240426435
327000 -0.943696096790602
328000 -0.916967135287241
329000 -0.955098141946551
330000 -0.997642986400085
331000 -0.973074968915409
332000 -0.93199866057403
333000 -0.96188259149166
334000 -1.00165032518592
335000 -1.00226720407211
336000 -0.962528823277595
337000 -0.952670203565417
338000 -1.01303314041584
339000 -1.0214687292196
340000 -0.986693254781004
341000 -0.974198727011549
342000 -1.01009592375967
343000 -1.04882722136445
344000 -1.01486617557686
345000 -0.98055202208013
346000 -1.02376438631347
347000 -1.05842586583092
348000 -1.04417252512713
349000 -0.998139215949813
350000 -1.0231944634583
351000 -1.0830760580478
352000 -1.06420651127317
353000 -1.01167952183269
354000 -1.03509130931241
355000 -1.08750978046851
356000 -1.08271473096686
357000 -1.03820680699964
358000 -1.04464429878892
359000 -1.10161558976601
360000 -1.10888845669746
361000 -1.05268127236709
362000 -1.05744055932925
363000 -1.11353600460314
364000 -1.11999503066881
365000 -1.07160952204209
366000 -1.07197592684482
367000 -1.13063207386977
368000 -1.14078187426629
369000 -1.0826819890089
370000 -1.09257159310358
371000 -1.14594870333894
372000 -1.15545326929802
373000 -1.10213483338443
374000 -1.10529447060024
375000 -1.16522193033763
376000 -1.16372898123161
377000 -1.10943669175522
378000 -1.13183141108869
379000 -1.18647391896219
380000 -1.16781826115194
381000 -1.12811991453351
382000 -1.15372451015957
383000 -1.20462759563701
384000 -1.17641973769598
385000 -1.14045765271625
386000 -1.18328165599277
387000 -1.21908561560493
388000 -1.18080387994052
389000 -1.15756360799808
390000 -1.21052795931291
391000 -1.23131490344448
392000 -1.18283400875949
393000 -1.17127705248104
394000 -1.23872192354414
395000 -1.23395513730856
396000 -1.18214050951921
397000 -1.21037023386145
398000 -1.26193386889688
399000 -1.2350558997188
400000 -1.19625860894721
401000 -1.23670496683016
402000 -1.27394848175394
403000 -1.23502739442394
404000 -1.20917181886442
405000 -1.27526276295508
406000 -1.28266153973494
407000 -1.22769609067457
408000 -1.24975670783568
409000 -1.30500357506968
410000 -1.28240306078357
411000 -1.23960722534107
412000 -1.27541301708999
413000 -1.33127138781274
414000 -1.27779844518739
415000 -1.25558334755829
416000 -1.3254637251385
417000 -1.32081552810935
418000 -1.27192430920246
419000 -1.29390691059489
420000 -1.3472400813559
421000 -1.31861936132721
422000 -1.27612122985367
423000 -1.33987095540576
424000 -1.36116829757209
425000 -1.30393895766391
426000 -1.31736806747693
427000 -1.37306741616952
428000 -1.34780318208619
429000 -1.32133790975395
430000 -1.36043096257565
431000 -1.3902493784103
432000 -1.33835545236837
433000 -1.34308399080287
434000 -1.40340903697982
435000 -1.37040869429176
436000 -1.34445442312361
437000 -1.39023906372764
438000 -1.40266183709684
439000 -1.36348048997371
440000 -1.38139066274523
441000 -1.42632456751541
442000 -1.39498837419301
443000 -1.37667053167474
444000 -1.42694373325994
445000 -1.43128387234105
446000 -1.38493737779845
447000 -1.42020544546324
448000 -1.45286336810357
449000 -1.41557864455789
450000 -1.41011889348344
451000 -1.4616140886936
452000 -1.44523779323724
453000 -1.40912905478861
454000 -1.46403233487165
455000 -1.47668097666216
456000 -1.42542055160908
457000 -1.45379451747485
458000 -1.49288053299183
459000 -1.46016859910767
460000 -1.44945305899632
461000 -1.49625027555039
462000 -1.49241064418531
463000 -1.45886254577211
464000 -1.49146583989905
465000 -1.52040589332113
466000 -1.47872827430234
467000 -1.48822143634833
468000 -1.53066663998306
469000 -1.50998995875025
470000 -1.49367718207101
471000 -1.52426826448475
472000 -1.52538400091719
473000 -1.50855476764222
474000 -1.52730903803722
475000 -1.54921387740702
476000 -1.52730093912878
477000 -1.52731721077765
478000 -1.55714272609516
479000 -1.54300026868177
480000 -1.54360518350039
481000 -1.56124200991642
482000 -1.56163287625509
483000 -1.56778502802056
484000 -1.5613130795356
485000 -1.57037004373139
486000 -1.58469633438955
487000 -1.56966820110488
488000 -1.58333755997132
489000 -1.58980484183485
490000 -1.59124136062567
491000 -1.57480378701588
492000 -1.60335992738936
493000 -1.60814943630838
494000 -1.58723665280164
495000 -1.61207267942309
496000 -1.63059700364497
497000 -1.59807626291103
498000 -1.61534978056492
499000 -1.64675648606349
500000 -1.61062949719262
501000 -1.6331465400433
502000 -1.65861332127554
503000 -1.61946072477951
504000 -1.6380231467378
505000 -1.66973077630487
506000 -1.65021679764607
507000 -1.64477570807136
508000 -1.67398543250176
509000 -1.67123917141608
510000 -1.64245321024629
511000 -1.68610451630015
512000 -1.69440733316587
513000 -1.66182087206473
514000 -1.69345902954566
515000 -1.70465433614202
516000 -1.67871868350714
517000 -1.70111691832269
518000 -1.71808220178429
519000 -1.69543157114851
520000 -1.70711814482794
521000 -1.72619522729409
522000 -1.70840192162253
523000 -1.72333986138346
524000 -1.73850187744555
525000 -1.72399665887097
526000 -1.74039109883073
527000 -1.73872306364734
528000 -1.74217105200076
529000 -1.75660653719145
530000 -1.75390956707279
531000 -1.74988156560326
532000 -1.769851007239
533000 -1.76799449072604
534000 -1.76227550372318
535000 -1.788550281781
536000 -1.76749371382145
537000 -1.7637026495052
538000 -1.80468136598406
539000 -1.78832100231038
540000 -1.77431966564455
541000 -1.80585355670857
542000 -1.79772496377349
543000 -1.78716846991956
544000 -1.82554456983008
545000 -1.80973283692169
546000 -1.79903304935022
547000 -1.83362307110664
548000 -1.81922686699149
549000 -1.82015622093198
550000 -1.84142659816904
551000 -1.83898144506327
552000 -1.82536970421567
553000 -1.84957038698424
554000 -1.84693946614743
555000 -1.84471745225222
556000 -1.87347695183654
557000 -1.85736095091073
558000 -1.85555739187844
559000 -1.88152439242823
560000 -1.86349536090938
561000 -1.88039240375476
562000 -1.89457971048156
563000 -1.86602635931072
564000 -1.89583496878076
565000 -1.90023068082939
566000 -1.88078313548279
567000 -1.9088526636368
568000 -1.90549905292723
569000 -1.89467739413859
570000 -1.91664188057158
571000 -1.92309566240486
572000 -1.90811476346981
573000 -1.92798476506472
574000 -1.93609298712057
575000 -1.91638815546736
576000 -1.94982695915522
577000 -1.94167880240215
578000 -1.92951705089077
579000 -1.96520047847139
580000 -1.94102674067781
581000 -1.95634779188675
582000 -1.97838931257101
583000 -1.94487744600339
584000 -1.96587750740089
585000 -1.98508183090726
586000 -1.96012189288822
587000 -1.98193632387002
588000 -1.99530087465419
589000 -1.9751973199035
590000 -2.00491942442632
591000 -2.00288103941897
592000 -1.99005611843612
593000 -2.01540034847331
594000 -2.00541760765578
595000 -2.00343753250669
596000 -2.03490257767237
597000 -2.01019145947496
598000 -2.02364498123083
599000 -2.0443907746863
600000 -2.01497096923739
601000 -2.044995372818
602000 -2.04448525595645
603000 -2.02891915080787
604000 -2.06211236658615
605000 -2.05407269816411
606000 -2.04822168743576
607000 -2.07717766332332
608000 -2.05849768257794
609000 -2.06323639068849
610000 -2.0864323524383
611000 -2.06353321744411
612000 -2.08126208181034
613000 -2.09085188634132
614000 -2.07963978557526
615000 -2.09807595578832
616000 -2.09773965415144
617000 -2.09192120152757
618000 -2.10967728853288
619000 -2.10901509611843
620000 -2.10478795525156
621000 -2.13273109226462
622000 -2.10402022533282
623000 -2.12823143661663
624000 -2.13716335568177
625000 -2.11347721550064
626000 -2.14718503461943
627000 -2.13442752464348
628000 -2.13210991793007
629000 -2.16129087783346
630000 -2.15117302885422
631000 -2.15382688449557
632000 -2.18219308890586
633000 -2.14819866461411
634000 -2.1864914332486
635000 -2.17378158840985
636000 -2.17099867086439
637000 -2.20018463019843
638000 -2.17357754068734
639000 -2.18848490614764
640000 -2.20382633013391
641000 -2.18461203667002
642000 -2.20253912016726
643000 -2.21110780411104
644000 -2.18882114743848
645000 -2.2224107730319
646000 -2.21949859460175
647000 -2.21375378864068
648000 -2.23069172427716
649000 -2.22533921158877
650000 -2.22635869144233
651000 -2.25175421940267
652000 -2.23519857285013
653000 -2.25646394008956
654000 -2.25436939306994
655000 -2.24211097736801
656000 -2.28137184183342
657000 -2.23984531126264
658000 -2.27082100687116
659000 -2.26981406437927
660000 -2.25205947168279
661000 -2.29046595064196
662000 -2.27603251241628
663000 -2.28070941915556
664000 -2.29957668711647
665000 -2.28419743815572
666000 -2.2958953056493
667000 -2.31539191633711
668000 -2.29617472675052
669000 -2.33291598140261
670000 -2.3028276164587
671000 -2.32028596033634
672000 -2.32713057761094
673000 -2.31466655213451
674000 -2.33678011982135
675000 -2.32567534397898
676000 -2.32914427113023
677000 -2.34826874868879
678000 -2.33326610909306
679000 -2.35426733832031
680000 -2.35987420698062
681000 -2.34498073534023
682000 -2.38302092960837
683000 -2.35840853152716
684000 -2.37743141949913
685000 -2.38470812396663
686000 -2.3680874383757
687000 -2.39551077449931
688000 -2.37714973728217
689000 -2.38225138243866
690000 -2.40312274946676
691000 -2.3888850104435
692000 -2.40442548419123
693000 -2.41488171925953
694000 -2.4036000401901
695000 -2.42456783144263
696000 -2.41059707180519
697000 -2.43440227454417
698000 -2.43325592720184
699000 -2.426541003331
700000 -2.44765652820172
701000 -2.42805488047224
702000 -2.44399182185588
703000 -2.45360211357285
704000 -2.43938140547519
705000 -2.46402551018936
706000 -2.46293291628962
707000 -2.46113524216809
708000 -2.47650338329146
709000 -2.46204171453394
710000 -2.48692666407115
711000 -2.47693513252389
712000 -2.4801740829096
713000 -2.50035780384636
714000 -2.48146962910382
715000 -2.50659939382751
716000 -2.50077068111503
717000 -2.50343036729528
718000 -2.51048072688843
719000 -2.50774141712522
720000 -2.5180700356017
721000 -2.51373350495762
722000 -2.51607906958715
723000 -2.53264398310784
724000 -2.51922180101294
725000 -2.54165901485603
726000 -2.54646317012066
727000 -2.53722494713247
728000 -2.56553944200144
729000 -2.53902176912169
730000 -2.57065768296734
731000 -2.55496817137731
732000 -2.5530381593802
733000 -2.57801679900677
734000 -2.5615634466108
735000 -2.59569341276462
736000 -2.57072274676018
737000 -2.59314751278419
738000 -2.60404571812046
739000 -2.58852078154173
740000 -2.59722667933584
741000 -2.60248231951857
742000 -2.60617648852956
743000 -2.61592198791914
744000 -2.60285188235951
745000 -2.6254271691949
746000 -2.61737779126469
747000 -2.62701870827226
748000 -2.6306329663704
749000 -2.62951750957399
750000 -2.6382828377659
751000 -2.63664016798735
752000 -2.64703375483043
753000 -2.65242598790967
754000 -2.65413694316419
755000 -2.65912750945718
756000 -2.66618592818472
757000 -2.65995675515931
758000 -2.67254900288372
759000 -2.6688498582246
760000 -2.68366379367555
761000 -2.6775678487668
762000 -2.68702124914532
763000 -2.6996202639096
764000 -2.68994830328231
765000 -2.71028043633149
766000 -2.69498008605582
767000 -2.70832764620269
768000 -2.71563344565334
769000 -2.71513403132594
770000 -2.71687856883307
771000 -2.72128571771878
772000 -2.73115301356978
773000 -2.73188487025841
774000 -2.73433160204737
775000 -2.73878021788446
776000 -2.74662809003934
777000 -2.756429891084
778000 -2.74079918976174
779000 -2.75372207699239
780000 -2.7643341056647
781000 -2.75353472853372
782000 -2.77126268457388
783000 -2.76349330264765
784000 -2.78431181017611
785000 -2.78020945408492
786000 -2.7847198312516
787000 -2.79718008941754
788000 -2.79005193041919
789000 -2.80976402279203
790000 -2.79305183311044
791000 -2.8091334143911
792000 -2.80760724126078
793000 -2.80884433195192
794000 -2.81142386587046
795000 -2.81842172241222
796000 -2.82111236468852
797000 -2.83140688680538
798000 -2.83482831387937
799000 -2.8394690607503
800000 -2.84030672439707
801000 -2.83954804368512
802000 -2.85020835695181
803000 -2.84542058213535
804000 -2.85823155039453
805000 -2.8512708055297
806000 -2.86863704198411
807000 -2.86290382201721
808000 -2.88357778373303
809000 -2.86585048205291
810000 -2.890650056179
811000 -2.88124036667466
812000 -2.88913563593952
813000 -2.89631372069992
814000 -2.8864669867275
815000 -2.91099317180676
816000 -2.89385314889748
817000 -2.91751814505407
818000 -2.90886839881047
819000 -2.92332503443831
820000 -2.92031961496589
821000 -2.9219223909931
822000 -2.93880255240856
823000 -2.93026548841788
824000 -2.94268466966297
825000 -2.94612136925346
826000 -2.94320872283917
827000 -2.95349682810389
828000 -2.95727580658643
829000 -2.96324021797022
830000 -2.96599840812757
831000 -2.96848580249746
832000 -2.96856501776439
833000 -2.96880461627409
834000 -2.98345250863195
835000 -2.97499585747366
836000 -2.99649071018398
837000 -2.9900069360455
838000 -3.00677804996212
839000 -2.99234557430434
840000 -3.00193768457728
841000 -3.00837414081813
842000 -2.99856360183931
843000 -3.03315463786026
844000 -2.99941833305255
845000 -3.04511002346454
846000 -3.01428934116044
847000 -3.04001262819709
848000 -3.02457232523903
849000 -3.03246410406651
850000 -3.05670652258769
851000 -3.03033644245317
852000 -3.07868690310812
853000 -3.04237736801798
854000 -3.07154626349783
855000 -3.05557529853166
856000 -3.07368980785591
857000 -3.07106216924883
858000 -3.0699568216902
859000 -3.09046600302539
860000 -3.07926484663105
861000 -3.09470555558603
862000 -3.09532137682424
863000 -3.09662819547845
864000 -3.10922693184592
865000 -3.0914477977635
866000 -3.12303869276563
867000 -3.09873354241111
868000 -3.12720291572678
869000 -3.11371057263637
870000 -3.12544761607084
871000 -3.13438085607564
872000 -3.12256507294331
873000 -3.15684248690718
874000 -3.11638005346527
875000 -3.16964799747276
876000 -3.12842819298662
877000 -3.16851196785658
878000 -3.15025979151079
879000 -3.16425403487357
880000 -3.1672253121722
881000 -3.16231074726533
882000 -3.18332248951288
883000 -3.16593954168374
884000 -3.19847430101498
885000 -3.16436199922681
886000 -3.21013659517378
887000 -3.18226520219847
888000 -3.20751885326458
889000 -3.19709003418688
890000 -3.20924155399158
891000 -3.21581857084509
892000 -3.20729611041835
893000 -3.23208621253389
894000 -3.21682865061974
895000 -3.23810505329658
896000 -3.22318110578288
897000 -3.23980700155312
898000 -3.23244427367763
899000 -3.25135981207704
900000 -3.24888016710758
901000 -3.25775613621462
902000 -3.25570623257351
903000 -3.2610463995191
904000 -3.26113468232568
905000 -3.26018301114845
906000 -3.27629686532136
907000 -3.28200521868706
908000 -3.28833807189407
909000 -3.28290823869666
910000 -3.28476616456769
911000 -3.29003240624133
912000 -3.29538867967462
913000 -3.31405512046229
914000 -3.30554314496315
915000 -3.32287041178743
916000 -3.31248136843349
917000 -3.31795104348564
918000 -3.32256104098163
919000 -3.32079310577139
920000 -3.34142327420908
921000 -3.3368237105062
922000 -3.34812423821425
923000 -3.33206749531795
924000 -3.35107208490815
925000 -3.34274627116301
926000 -3.36107417651671
927000 -3.35605284036518
928000 -3.37059214359925
929000 -3.36151338158369
930000 -3.36515039238265
931000 -3.38081514600576
932000 -3.36422035180368
933000 -3.39688237255574
934000 -3.37109444161765
935000 -3.40391827949608
936000 -3.37630856975963
937000 -3.41138718697498
938000 -3.39052818209676
939000 -3.41196862943545
940000 -3.40830737776112
941000 -3.41766112614063
942000 -3.41616365801001
943000 -3.42222623965682
944000 -3.42885856733234
945000 -3.42348890139579
946000 -3.4442004828924
947000 -3.42243068027885
948000 -3.4617764877526
949000 -3.43250293543823
950000 -3.47244857791339
951000 -3.43410479727403
952000 -3.47247756197642
953000 -3.45260743116058
954000 -3.47251820932055
955000 -3.47138011697385
956000 -3.47768960938335
957000 -3.48277347790125
958000 -3.4752113768108
959000 -3.50083372797295
960000 -3.4779547755481
961000 -3.51097535550559
962000 -3.49188981042962
963000 -3.52089248096495
964000 -3.50421833173638
965000 -3.52119434231273
966000 -3.51618458294109
967000 -3.51738324032575
968000 -3.52371170629552
969000 -3.52906493045695
970000 -3.52884966790026
971000 -3.53774401791641
972000 -3.54974911331024
973000 -3.54464898912807
974000 -3.55625401641675
975000 -3.53726065889887
976000 -3.57615943907562
977000 -3.54829085846202
978000 -3.57845431905162
979000 -3.55169154336835
980000 -3.59080524545836
981000 -3.55811917999222
982000 -3.59643882049484
983000 -3.57721987177853
984000 -3.60249518675605
985000 -3.5896882804084
986000 -3.60012439101124
987000 -3.59836261085999
988000 -3.60457788239488
989000 -3.61885557220237
990000 -3.6116093084691
991000 -3.62276349260002
992000 -3.61558703657301
993000 -3.6281855847185
994000 -3.62949750725131
995000 -3.64476948762379
996000 -3.63161739768653
997000 -3.64353182546425
998000 -3.64425501191293
999000 -3.65177902019257
1000000 -3.65344334888083
1001000 -3.65560568424214
1002000 -3.66338910823766
1003000 -3.67553122222289
1004000 -3.6794371887966
1005000 -3.66969650098179
1006000 -3.67768269059455
1007000 -3.68061914708357
1008000 -3.69636476889069
1009000 -3.69700081098292
1010000 -3.69682288839835
1011000 -3.69469686443806
1012000 -3.70141262407432
1013000 -3.71729422588111
1014000 -3.72108147329006
1015000 -3.721794319656
1016000 -3.71166455404726
1017000 -3.7251615427171
1018000 -3.7289335715551
1019000 -3.74210847813429
1020000 -3.74494250518329
1021000 -3.738447182514
1022000 -3.74480542289203
1023000 -3.74765796736885
1024000 -3.77249706278331
1025000 -3.74826996591699
1026000 -3.76879026685161
1027000 -3.75772636821876
1028000 -3.78650452970239
1029000 -3.76381016217692
1030000 -3.79486281704408
1031000 -3.764863675679
1032000 -3.80597714676993
1033000 -3.78324264203017
1034000 -3.81217070841998
1035000 -3.79178697502908
1036000 -3.8014834191289
1037000 -3.81168211093566
1038000 -3.81132739050264
1039000 -3.82951260774834
1040000 -3.81614991087341
1041000 -3.82552597488328
1042000 -3.81867784552966
1043000 -3.84075753128908
1044000 -3.82720646855443
1045000 -3.8606993846821
1046000 -3.8251222000262
1047000 -3.86356103839587
1048000 -3.83523742779643
1049000 -3.87756062601671
1050000 -3.83076169027496
1051000 -3.88539229068852
1052000 -3.8502073994454
1053000 -3.88971247600182
1054000 -3.86158312809365
1055000 -3.88199954560307
1056000 -3.88173300985139
1057000 -3.8795596234627
1058000 -3.90660995516744
1059000 -3.88011934811803
1060000 -3.91058075610253
1061000 -3.89152985445773
1062000 -3.9244710759624
1063000 -3.90535103031335
1064000 -3.91836063369795
1065000 -3.91036800021844
1066000 -3.92982058262156
1067000 -3.92993774126611
1068000 -3.93560841137844
1069000 -3.93419819259482
1070000 -3.9347692712084
1071000 -3.95761333691309
1072000 -3.95126184919721
1073000 -3.95027364212196
1074000 -3.95047300280106
1075000 -3.96052067131584
1076000 -3.96957573028024
1077000 -3.9612155852662
1078000 -3.97855662807695
1079000 -3.96594419238572
1080000 -3.99624328285328
1081000 -3.97343471400422
1082000 -3.99854291236647
1083000 -3.98318064759131
1084000 -4.01388058031459
1085000 -3.98885596517431
1086000 -4.02238977799507
1087000 -3.98685029840325
1088000 -4.04158423470187
1089000 -3.98793833553655
1090000 -4.05527140021086
1091000 -3.9987553333783
1092000 -4.06610471322095
1093000 -4.00957790062635
1094000 -4.06002495978685
1095000 -4.02189491001167
1096000 -4.05441927172103
1097000 -4.05176616886272
1098000 -4.05723288111049
1099000 -4.06617539672747
1100000 -4.06002063226256
1101000 -4.07605573656549
1102000 -4.06651971586142
1103000 -4.07692431004468
1104000 -4.07597837499995
1105000 -4.09494728580298
1106000 -4.08420941842527
1107000 -4.0982872031157
1108000 -4.08575525107139
1109000 -4.11319978652061
1110000 -4.09665642020443
1111000 -4.12495165406762
1112000 -4.10989306750044
1113000 -4.12639802034962
1114000 -4.13249876667971
1115000 -4.12167579422794
1116000 -4.13554628880739
1117000 -4.12726806837104
1118000 -4.15269265935163
1119000 -4.13437236918769
1120000 -4.16131271168559
1121000 -4.1421342653127
1122000 -4.16532053505667
1123000 -4.15880414417602
1124000 -4.16850093887576
1125000 -4.17033976733141
1126000 -4.16650470479221
1127000 -4.18940806527427
1128000 -4.17112083253066
1129000 -4.19458769228823
1130000 -4.17246751886621
1131000 -4.21061194562309
1132000 -4.17952191921367
1133000 -4.22126273055484
1134000 -4.18791442781811
1135000 -4.21986846171571
1136000 -4.19569071881446
1137000 -4.23456705387107
1138000 -4.21529883326459
1139000 -4.22900028016911
1140000 -4.22388981309899
1141000 -4.2429794478108
1142000 -4.24228818655536
1143000 -4.22553940326232
1144000 -4.25257817082673
1145000 -4.23931712099165
1146000 -4.26225637718654
1147000 -4.24435782189307
1148000 -4.27051993480325
1149000 -4.25944592532857
1150000 -4.26752110444602
1151000 -4.2665740234397
1152000 -4.27951985410684
1153000 -4.2860507156728
1154000 -4.27919294032914
1155000 -4.30032735111615
1156000 -4.28600394265234
1157000 -4.31061326241542
1158000 -4.29475027980784
1159000 -4.3207895838782
1160000 -4.30052143336054
1161000 -4.32973047349219
1162000 -4.30859908318316
1163000 -4.33190601955644
1164000 -4.31493289307759
1165000 -4.34829955757639
1166000 -4.32882791766605
1167000 -4.34597704963315
1168000 -4.33614050585475
1169000 -4.357835777757
1170000 -4.35575638728901
1171000 -4.35480447037896
1172000 -4.36162441507896
1173000 -4.3575962711029
1174000 -4.37600026147661
1175000 -4.36975073322423
1176000 -4.37714252465976
1177000 -4.37490126434813
1178000 -4.385040300084
1179000 -4.39189741188785
1180000 -4.38813292003342
1181000 -4.40235898417382
1182000 -4.39199591803833
1183000 -4.42275717175253
1184000 -4.39215775620809
1185000 -4.42048177483235
1186000 -4.40709186253917
1187000 -4.43196060592135
1188000 -4.41290221076917
1189000 -4.43006024852854
1190000 -4.43914098534216
1191000 -4.43678121669384
1192000 -4.44336723983297
1193000 -4.44265536092617
1194000 -4.45085975187134
1195000 -4.46163648606917
1196000 -4.4501483411805
1197000 -4.46149275474843
1198000 -4.46519998861327
1199000 -4.48397910509353
1200000 -4.45976667179325
1201000 -4.49331919635696
1202000 -4.46977812470156
1203000 -4.50441472091206
1204000 -4.47103150794232
1205000 -4.5110553889694
1206000 -4.48930225362021
1207000 -4.50743470784807
1208000 -4.50194414421789
1209000 -4.52241074163972
1210000 -4.50814685647325
1211000 -4.51503200705032
1212000 -4.53308061503719
1213000 -4.51207408000223
1214000 -4.5459609181799
1215000 -4.51572778529202
1216000 -4.56297270501643
1217000 -4.51913154538227
1218000 -4.56552849578509
1219000 -4.53391926102901
1220000 -4.56444757397213
1221000 -4.5434289231568
1222000 -4.57392288271799
1223000 -4.56786802957781
1224000 -4.5649642081308
1225000 -4.58578982113189
1226000 -4.56758463668268
1227000 -4.59934193579351
1228000 -4.56310389163761
1229000 -4.61868600075857
1230000 -4.57744685333611
1231000 -4.60374968287088
1232000 -4.6021376214246
1233000 -4.61243292803315
1234000 -4.61594634737426
1235000 -4.59037254464716
1236000 -4.65936102017731
1237000 -4.58033227686823
1238000 -4.65423273800151
1239000 -4.59805612028884
1240000 -4.69441388928923
1241000 -4.58421684781906
1242000 -4.66901274366625
1243000 -4.64347826028753
1244000 -4.65038114582518
1245000 -4.63333449987684
1246000 -4.67542621379045
1247000 -4.66911097260555
1248000 -4.64967364446882
1249000 -4.69285593054713
1250000 -4.67106430135557
1251000 -4.68083057597884
1252000 -4.67300268972143
1253000 -4.70193083098363
1254000 -4.68603946381387
1255000 -4.68608761382581
1256000 -4.72114463267829
1257000 -4.68543456571996
1258000 -4.7243861993231
1259000 -4.69152645406873
1260000 -4.73863814935246
1261000 -4.68536372227449
1262000 -4.754674899425
1263000 -4.71165960786655
1264000 -4.7398516179326
1265000 -4.72303423832406
1266000 -4.75449831892829
1267000 -4.73146585361531
1268000 -4.74466545565882
1269000 -4.76645063866352
1270000 -4.74136043688279
1271000 -4.77822860661404
1272000 -4.75589910967124
1273000 -4.77433065789481
1274000 -4.76239390965911
1275000 -4.79019064318413
1276000 -4.77930038986137
1277000 -4.77121364461107
1278000 -4.80262796388407
1279000 -4.77294282201889
1280000 -4.81170703334954
1281000 -4.77618854607262
1282000 -4.82793635043077
1283000 -4.78794345400641
1284000 -4.83569753055822
1285000 -4.79923579675507
1286000 -4.82924937379661
1287000 -4.8311016401982
1288000 -4.82091886577705
1289000 -4.85683212168151
1290000 -4.80869289996446
1291000 -4.8790120506576
1292000 -4.81172066433533
1293000 -4.87665999302906
1294000 -4.8361630339208
1295000 -4.86074668848289
1296000 -4.86874842140331
1297000 -4.85143632982235
1298000 -4.89856016056621
1299000 -4.84099372270392
1300000 -4.90733529467964
1301000 -4.86314326132055
1302000 -4.90268655221064
1303000 -4.88329509924026
1304000 -4.89400774099316
1305000 -4.91052431669534
1306000 -4.89069342273883
1307000 -4.92190598114769
1308000 -4.89150712586623
1309000 -4.93996327122955
1310000 -4.89328606442644
1311000 -4.94493555673254
1312000 -4.90499110784205
1313000 -4.9490178041793
1314000 -4.91919171010819
1315000 -4.95056428607013
1316000 -4.93891185468188
1317000 -4.94119205426354
1318000 -4.9641706080896
1319000 -4.939497371848
1320000 -4.97364259862424
1321000 -4.95685884684031
1322000 -4.97396448314792
1323000 -4.97042446393174
1324000 -4.98350893641697
1325000 -4.98323510724237
1326000 -4.97714761080167
1327000 -5.00844739149184
1328000 -4.96425797625402
1329000 -5.02378217485125
1330000 -4.98327529632281
1331000 -5.02149807723201
1332000 -4.98792650234784
1333000 -5.02805351743838
1334000 -5.00987819655592
1335000 -5.0203252974457
1336000 -5.03583971427673
1337000 -5.01089222756052
1338000 -5.05308874250892
1339000 -5.03010666044244
1340000 -5.04925088966148
1341000 -5.0355837500496
1342000 -5.051472716358
1343000 -5.06577042272156
1344000 -5.02592015780622
1345000 -5.10080388081405
1346000 -5.03132487485312
1347000 -5.09440714357842
1348000 -5.06487360665511
1349000 -5.0844708462135
1350000 -5.08981009490088
1351000 -5.07709776785706
1352000 -5.10982926975502
1353000 -5.07103342977067
1354000 -5.124063815521
1355000 -5.08116307297026
1356000 -5.11540419914049
1357000 -5.11355993108034
1358000 -5.1069301112154
1359000 -5.13145947911566
1360000 -5.12767437941995
1361000 -5.12497792950151
1362000 -5.13718077119375
1363000 -5.13549363587041
1364000 -5.13607563417994
1365000 -5.14851678280252
1366000 -5.14875383767408
1367000 -5.15531845701001
1368000 -5.1494450251386
1369000 -5.16561641535418
1370000 -5.16368088074103
1371000 -5.16622870217862
1372000 -5.17882943490951
1373000 -5.16668503293047
1374000 -5.19516470472088
1375000 -5.1664005805542
1376000 -5.20015690964598
1377000 -5.18113109251116
1378000 -5.203920888523
1379000 -5.1989171138007
1380000 -5.19826069652215
1381000 -5.21610196791827
1382000 -5.20800275333946
1383000 -5.21942524342408
1384000 -5.21581581676445
1385000 -5.22966255757593
1386000 -5.22691696246167
1387000 -5.22418692285716
1388000 -5.24860353766521
1389000 -5.22432264530942
1390000 -5.25722718629904
1391000 -5.23770005556502
1392000 -5.26611733232157
1393000 -5.24183561863724
1394000 -5.26385807139956
1395000 -5.26973804517351
1396000 -5.27090486690709
1397000 -5.27250174998093
1398000 -5.28458418035798
1399000 -5.27676612457968
1400000 -5.29070891630206
1401000 -5.29034813287712
1402000 -5.28520470449474
1403000 -5.30918986131189
1404000 -5.29891847509495
1405000 -5.3010269785926
1406000 -5.31088415189052
1407000 -5.30510978637341
1408000 -5.32062865800532
1409000 -5.31254297328617
1410000 -5.33670900376604
1411000 -5.31700741714581
1412000 -5.35263446719746
1413000 -5.32024304835332
1414000 -5.35383720740857
1415000 -5.34233009792974
1416000 -5.35212237468149
1417000 -5.35575978382974
1418000 -5.35287280855913
1419000 -5.36991668026753
1420000 -5.35487490435336
1421000 -5.38424137931221
1422000 -5.36903952177522
1423000 -5.38083985346199
1424000 -5.39396533722336
1425000 -5.37099152288031
1426000 -5.40227760188626
1427000 -5.38278766399296
1428000 -5.40078834578605
1429000 -5.40241791995076
1430000 -5.4025541638844
1431000 -5.41200289592419
1432000 -5.40983631650471
1433000 -5.41815787560991
1434000 -5.41651543456297
1435000 -5.43200809083992
1436000 -5.42681394147192
1437000 -5.43863148448824
1438000 -5.44542573977281
1439000 -5.43792352163724
1440000 -5.45333266133419
1441000 -5.44418798338645
1442000 -5.46007241335915
1443000 -5.45912263651557
1444000 -5.4585488768672
1445000 -5.47698899777116
1446000 -5.46777849583659
1447000 -5.47567385466756
1448000 -5.48102086492863
1449000 -5.47335935076139
1450000 -5.4958593069965
1451000 -5.48066280228009
1452000 -5.49873492057802
1453000 -5.49793786507186
1454000 -5.50616149648945
1455000 -5.50395313699262
1456000 -5.51074486205626
1457000 -5.50140513503087
1458000 -5.53300893500753
1459000 -5.51012747441788
1460000 -5.53073623047006
1461000 -5.52339352818643
1462000 -5.53947771250023
1463000 -5.54452019011813
1464000 -5.54176733484799
1465000 -5.54737885553137
1466000 -5.54982083768352
1467000 -5.55013692780746
1468000 -5.56390018301065
1469000 -5.55613055883448
1470000 -5.57230520628571
1471000 -5.57192582214383
1472000 -5.57739598290973
1473000 -5.57632698726964
1474000 -5.58392946597785
1475000 -5.58930229122123
1476000 -5.58878716048751
1477000 -5.59544471293477
1478000 -5.60079315961386
1479000 -5.60534368449776
1480000 -5.6021272519765
1481000 -5.61355313656029
1482000 -5.60919975002651
1483000 -5.61311588705515
1484000 -5.6255916994359
1485000 -5.62045282471364
1486000 -5.64474658580003
1487000 -5.61390807918829
1488000 -5.65802221534037
1489000 -5.63089555742854
1490000 -5.65266380237983
1491000 -5.64949046344382
1492000 -5.66180190557975
1493000 -5.66103536321634
1494000 -5.67500067249727
1495000 -5.66692364839457
1496000 -5.67658013135281
1497000 -5.68086507395191
1498000 -5.68025821870005
1499000 -5.69137595795436
1500000 -5.68779268837075
1501000 -5.69265638150207
1502000 -5.69124722656819
1503000 -5.70021402206044
1504000 -5.70105286122173
1505000 -5.71365271416704
1506000 -5.70425614485562
1507000 -5.72177998434106
1508000 -5.71948205566809
1509000 -5.72517830197627
1510000 -5.7227606027083
1511000 -5.7301645415013
1512000 -5.73761237691655
1513000 -5.73770754804783
1514000 -5.74905496199227
1515000 -5.7450125551006
1516000 -5.75494384305531
1517000 -5.75551700011588
1518000 -5.75760724106435
1519000 -5.76760160742768
1520000 -5.7683682272548
1521000 -5.77449670054366
1522000 -5.77459406270966
1523000 -5.78230891444643
1524000 -5.77357704796845
1525000 -5.7937418554953
1526000 -5.7834255015041
1527000 -5.80294491084221
1528000 -5.79838084723195
1529000 -5.80578243697749
1530000 -5.81373184948615
1531000 -5.80407382233084
1532000 -5.82206592526472
1533000 -5.80656727124941
1534000 -5.8366766886135
1535000 -5.82048642389101
1536000 -5.84118671279028
1537000 -5.83552556925048
1538000 -5.84161170711485
1539000 -5.8500310565999
1540000 -5.83589056787722
1541000 -5.85154733199856
1542000 -5.85861061348203
1543000 -5.85329750618379
1544000 -5.870583687962
1545000 -5.86014525218114
1546000 -5.87574244404883
1547000 -5.87927272817342
1548000 -5.87266204423508
1549000 -5.89348062113352
1550000 -5.87936642592812
1551000 -5.89904415517706
1552000 -5.90623324254093
1553000 -5.890943407955
1554000 -5.91811866062435
1555000 -5.89620653377613
1556000 -5.9201179360526
1557000 -5.91410912431969
1558000 -5.9193157103052
1559000 -5.94210217889503
1560000 -5.91537332453172
1561000 -5.93954583372427
1562000 -5.92942571393597
1563000 -5.92721705645032
1564000 -5.95934632955379
1565000 -5.92403674698049
1566000 -5.96955142868873
1567000 -5.94209997478163
1568000 -5.96830290016077
1569000 -5.96302232377949
1570000 -5.96463731622502
1571000 -5.97086479953727
1572000 -5.98047379488379
1573000 -5.98332429176715
1574000 -5.99278793839974
1575000 -5.98328876010931
1576000 -5.99808285468979
1577000 -5.99114773128094
1578000 -6.0051734401378
1579000 -5.99296939906409
1580000 -6.01178565670156
1581000 -6.00743899888375
1582000 -6.02618426501141
1583000 -6.01544335399479
1584000 -6.02642347602534
1585000 -6.03133222630317
1586000 -6.03502975849243
1587000 -6.03423988989429
1588000 -6.03584258734704
1589000 -6.04064836918204
1590000 -6.0467720971981
1591000 -6.06116047769352
1592000 -6.05123966566299
1593000 -6.06735598541329
1594000 -6.06068602696021
1595000 -6.07298199677346
1596000 -6.06060442018646
1597000 -6.09005708958601
1598000 -6.07190190386383
1599000 -6.09196759739605
1600000 -6.08230188000794
1601000 -6.09342611954826
1602000 -6.0954056444613
1603000 -6.09023042466041
1604000 -6.11224321834482
1605000 -6.10326805722992
1606000 -6.11569426820104
1607000 -6.11282435239587
1608000 -6.1260285531185
1609000 -6.11979855858248
1610000 -6.12477561289565
1611000 -6.12357722831117
1612000 -6.13599669478919
1613000 -6.1302821210334
1614000 -6.15600833121779
1615000 -6.13398342092207
1616000 -6.16592034057166
1617000 -6.15012990655789
1618000 -6.16640828202355
1619000 -6.158592942043
1620000 -6.16463345907379
1621000 -6.17508727213918
1622000 -6.1835455114786
1623000 -6.17615944701068
1624000 -6.19828479412246
1625000 -6.15857437759778
1626000 -6.20693391874844
1627000 -6.17218402067163
1628000 -6.20520187376407
1629000 -6.20018651288345
1630000 -6.20280633665623
1631000 -6.22386926006899
1632000 -6.20678429791208
1633000 -6.22506647370936
1634000 -6.22147104175231
1635000 -6.23289925669714
1636000 -6.23665455420869
1637000 -6.22019956466605
1638000 -6.2507742301296
1639000 -6.2324853296734
1640000 -6.25535304413467
1641000 -6.25472986682052
1642000 -6.25250373019398
1643000 -6.26505505964636
1644000 -6.2494666011195
1645000 -6.27637150832037
1646000 -6.2652320268946
1647000 -6.28228297807693
1648000 -6.28479655198968
1649000 -6.28559802446769
1650000 -6.28558091079025
1651000 -6.29478311767096
1652000 -6.29198992294895
1653000 -6.31617855183648
1654000 -6.2899240382585
1655000 -6.31439149684959
1656000 -6.29831853232593
1657000 -6.31814740658961
1658000 -6.32004958216207
1659000 -6.32321004407607
1660000 -6.33502287872198
1661000 -6.33000844988289
1662000 -6.32625984840084
1663000 -6.34508778500658
1664000 -6.33683756988107
1665000 -6.35853026911549
1666000 -6.34454198320544
1667000 -6.3681908753138
1668000 -6.35693434447528
1669000 -6.37358620986051
1670000 -6.36352285075922
1671000 -6.36996098846755
1672000 -6.37610258784569
1673000 -6.37867686662569
1674000 -6.39108021124982
1675000 -6.39251927214404
1676000 -6.39299189675347
1677000 -6.39226075580294
1678000 -6.39136280588299
1679000 -6.41328820660974
1680000 -6.39385929169995
1681000 -6.42431835233105
1682000 -6.40509557808828
1683000 -6.42122139755524
1684000 -6.42166262006669
1685000 -6.41496440724173
1686000 -6.43813014310937
1687000 -6.44141544351259
1688000 -6.43188314803728
1689000 -6.45582508534943
1690000 -6.443803083187
1691000 -6.44540077015018
1692000 -6.45838327414082
1693000 -6.44791056610365
1694000 -6.47823566494945
1695000 -6.45484913611057
1696000 -6.47921133312294
1697000 -6.47869932531822
1698000 -6.4742940612261
1699000 -6.48874822781002
1700000 -6.48518916562062
1701000 -6.48363354364598
1702000 -6.50773843675695
1703000 -6.48477192955276
1704000 -6.51634915931242
1705000 -6.50579454889998
1706000 -6.51354911418968
1707000 -6.51770083893648
1708000 -6.52521918722405
1709000 -6.51006864169805
1710000 -6.53764243118233
1711000 -6.52402850726961
1712000 -6.54793611213052
1713000 -6.5396366490535
1714000 -6.52553488798269
1715000 -6.55788994867766
1716000 -6.53668832797211
1717000 -6.56883241472641
1718000 -6.54849043333096
1719000 -6.55783030915069
1720000 -6.56043883138388
1721000 -6.57336846655337
1722000 -6.57137405155109
1723000 -6.57628377169519
1724000 -6.59685018091663
1725000 -6.57531839219906
1726000 -6.60759280716582
1727000 -6.57349347041633
1728000 -6.62068692615178
1729000 -6.58769964623959
1730000 -6.61013997449465
1731000 -6.61667219790994
1732000 -6.60196436196058
1733000 -6.61835867597512
1734000 -6.62092233537981
1735000 -6.61308303855263
1736000 -6.64872588039827
1737000 -6.61969981344878
1738000 -6.63931841141534
1739000 -6.64287744006368
1740000 -6.63869466780876
1741000 -6.65061796459595
1742000 -6.64014123720694
1743000 -6.67089106863596
1744000 -6.64308378942156
1745000 -6.65894070593015
1746000 -6.66903804325726
1747000 -6.66655872939558
1748000 -6.67206421350839
1749000 -6.68141628533369
1750000 -6.68359155997036
1751000 -6.6871254394844
1752000 -6.69348576725583
1753000 -6.68665845999977
1754000 -6.69745614513822
1755000 -6.69802026474285
1756000 -6.6991756351659
1757000 -6.7228977026216
1758000 -6.70698696812925
1759000 -6.72304283413441
1760000 -6.72490725875897
1761000 -6.72666269109006
1762000 -6.72596649760561
1763000 -6.73397284054129
1764000 -6.74520143368624
1765000 -6.74020666008768
1766000 -6.74278851210234
1767000 -6.74796993868135
1768000 -6.75891009047829
1769000 -6.7591053414901
1770000 -6.75480230426602
1771000 -6.77790338656935
1772000 -6.76376904169185
1773000 -6.77346594199214
1774000 -6.77360933281586
1775000 -6.77273470488502
1776000 -6.78753237688256
1777000 -6.78014917669258
1778000 -6.7932592382216
1779000 -6.79787009261654
1780000 -6.79825633417966
1781000 -6.81308915720675
1782000 -6.80985878514293
1783000 -6.81194250550634
1784000 -6.82429287850408
1785000 -6.81812373606472
1786000 -6.83428806816265
1787000 -6.8301760530143
1788000 -6.8376454392145
1789000 -6.83194790724081
1790000 -6.84554348145041
1791000 -6.84559476331048
1792000 -6.84155838454134
1793000 -6.85834031809148
1794000 -6.8497957459434
1795000 -6.86046749682901
1796000 -6.86472862406611
1797000 -6.8580068129164
1798000 -6.87733734781683
1799000 -6.87607042865533
1800000 -6.878470603269
1801000 -6.89402087098837
1802000 -6.87721690429557
1803000 -6.89737815861635
1804000 -6.89573793251755
1805000 -6.89280503656763
1806000 -6.90550806212
1807000 -6.89658598621261
1808000 -6.90983335130833
1809000 -6.91237749072207
1810000 -6.90999162826072
1811000 -6.92930288736527
1812000 -6.92761037903235
1813000 -6.92317951973653
1814000 -6.94258533514958
1815000 -6.92960173549871
1816000 -6.95122866062973
1817000 -6.94212487266371
1818000 -6.93658166304149
1819000 -6.96329370176876
1820000 -6.94969909796815
1821000 -6.96753175149763
1822000 -6.96682117691246
1823000 -6.96832329878193
1824000 -6.97509385015005
1825000 -6.98447030600724
1826000 -6.97110421302446
1827000 -6.99032773193002
1828000 -6.98002890241662
1829000 -6.99403896733617
1830000 -6.99753615516386
1831000 -6.98871384925708
1832000 -7.0060082639904
1833000 -7.01164748969097
1834000 -7.00470143386713
1835000 -7.0173639461027
1836000 -7.01872583035797
1837000 -7.01606170582075
1838000 -7.02671209223615
1839000 -7.03110620008298
1840000 -7.04078106779894
1841000 -7.03994393557089
1842000 -7.03265412914167
1843000 -7.05451535982502
1844000 -7.04141338700623
1845000 -7.04908927208965
1846000 -7.05836859259493
1847000 -7.06832353061608
1848000 -7.06003049472265
1849000 -7.06742323561614
1850000 -7.08818484940132
1851000 -7.07960148845624
1852000 -7.0771473932766
1853000 -7.08634707779269
1854000 -7.09274942896305
1855000 -7.08238266182709
1856000 -7.10298800086753
1857000 -7.10762606082687
1858000 -7.10610962847215
1859000 -7.10384137928682
1860000 -7.10492661469542
1861000 -7.11462645510867
1862000 -7.11142253552534
1863000 -7.12582025135768
1864000 -7.1355439963371
1865000 -7.12765174817148
1866000 -7.1407205945835
1867000 -7.14992975675401
1868000 -7.14089636459297
1869000 -7.15242162586156
1870000 -7.14775626120189
1871000 -7.15677655198691
1872000 -7.1734387786401
1873000 -7.14944909454
1874000 -7.18259071983385
1875000 -7.177368777699
1876000 -7.16106396652331
1877000 -7.1906023443161
1878000 -7.17780302653365
1879000 -7.18731234810107
1880000 -7.19020194926125
1881000 -7.20195361440541
1882000 -7.1993209459776
1883000 -7.20129984502929
1884000 -7.20776738097371
1885000 -7.20950850496485
1886000 -7.20595400651087
1887000 -7.21214972725039
1888000 -7.2235074367909
1889000 -7.22096457140175
1890000 -7.22938942846849
1891000 -7.24046058044035
1892000 -7.23924713974754
1893000 -7.24231321588522
1894000 -7.24654534335879
1895000 -7.23890277192605
1896000 -7.2691001675686
1897000 -7.24325321959452
1898000 -7.27135897798389
1899000 -7.27325450850679
1900000 -7.24910371135355
1901000 -7.28953059849201
1902000 -7.2699087841621
1903000 -7.27281022872786
1904000 -7.29571989485426
1905000 -7.27270533838084
1906000 -7.30176065714623
1907000 -7.30019274020915
1908000 -7.27752369333167
1909000 -7.31967094296513
1910000 -7.30085898817933
1911000 -7.29481305077974
1912000 -7.32894521659931
1913000 -7.32523569163863
1914000 -7.31979975050231
1915000 -7.34058328914661
1916000 -7.31748433631328
1917000 -7.32403401575292
1918000 -7.34699787132288
1919000 -7.32324897568688
1920000 -7.34837360022436
1921000 -7.35977183817607
1922000 -7.34500572715401
1923000 -7.35869815751494
1924000 -7.3671713087224
1925000 -7.34325796473087
1926000 -7.38270269820099
1927000 -7.36694077972558
1928000 -7.37739428078835
1929000 -7.39281818944092
1930000 -7.38672147203657
1931000 -7.37592662160097
1932000 -7.39799898417705
1933000 -7.38477943886473
1934000 -7.4038580802326
1935000 -7.41101440570168
1936000 -7.3953035225773
1937000 -7.40992158646438
1938000 -7.42246503730834
1939000 -7.41188081242254
1940000 -7.41949204911436
1941000 -7.41442688708373
1942000 -7.43330843641015
1943000 -7.44669351104223
1944000 -7.4235989468263
1945000 -7.45516586223691
1946000 -7.44358422178593
1947000 -7.42784862708971
1948000 -7.47004745118801
1949000 -7.44176711109296
1950000 -7.45989772366741
1951000 -7.47966762054081
1952000 -7.43853062038679
1953000 -7.4712684317159
1954000 -7.48627598930374
1955000 -7.44917219325745
1956000 -7.48837041743828
1957000 -7.48616225660228
1958000 -7.48893083708154
1959000 -7.50218559206981
1960000 -7.48955469590752
1961000 -7.50966681370422
1962000 -7.5033517605618
1963000 -7.50416081183797
1964000 -7.53151352503389
1965000 -7.5088754333662
1966000 -7.50997392597764
1967000 -7.52978251150536
1968000 -7.53669516268544
1969000 -7.52412637372443
1970000 -7.53682506879205
1971000 -7.54931816133695
1972000 -7.53986268347305
1973000 -7.55770646943859
1974000 -7.55707639834818
1975000 -7.5427981579755
1976000 -7.56014622822194
1977000 -7.55660256302633
1978000 -7.56845188516287
1979000 -7.57194322669311
1980000 -7.56853695055614
1981000 -7.58035911277027
1982000 -7.59183100648944
1983000 -7.581650887587
1984000 -7.59303231899154
1985000 -7.59407685967088
1986000 -7.57744352131344
1987000 -7.60896699062444
1988000 -7.60932169963455
1989000 -7.58950605477588
1990000 -7.61650797585618
1991000 -7.6281752666073
1992000 -7.60397440379582
1993000 -7.63992843443903
1994000 -7.63716231570186
1995000 -7.62283464777698
1996000 -7.65643290693804
1997000 -7.62842955825251
1998000 -7.64549415235477
1999000 -7.66141239314109
2000000 -7.63950165583706
2001000 -7.66094109884935
2002000 -7.66182264956231
2003000 -7.66287733364462
2004000 -7.67602002840659
2005000 -7.67191471324988
2006000 -7.67080609120215
2007000 -7.69344760629496
2008000 -7.67452759410993
2009000 -7.68205082084109
2010000 -7.69087349518725
2011000 -7.6885379058321
2012000 -7.70416637569872
2013000 -7.71226596755172
2014000 -7.69959030644614
2015000 -7.70835307601552
2016000 -7.7241220225624
2017000 -7.71297209601803
2018000 -7.72036085524743
2019000 -7.72178359176638
2020000 -7.72582323326699
2021000 -7.7342363172139
2022000 -7.73412113952203
2023000 -7.73493913869635
2024000 -7.75071411231318
2025000 -7.75056741427719
2026000 -7.74418160981831
2027000 -7.7592958982086
2028000 -7.76444570642666
2029000 -7.75363374076858
2030000 -7.76564976612812
2031000 -7.76840744116689
2032000 -7.78158404083133
2033000 -7.78696361077595
2034000 -7.76239218934817
2035000 -7.79864426813263
2036000 -7.80145014773994
2037000 -7.7649265209216
2038000 -7.80762745742079
2039000 -7.79999074042547
2040000 -7.78684829403537
2041000 -7.83235482321992
2042000 -7.80152686525951
2043000 -7.79982984419851
2044000 -7.83474989261502
2045000 -7.81670665766963
2046000 -7.81578972137978
2047000 -7.84222444304079
2048000 -7.81995410048595
2049000 -7.8300593745621
2050000 -7.85017046665204
2051000 -7.84719557306817
2052000 -7.84302045037016
2053000 -7.86102750915488
2054000 -7.8442016135409
2055000 -7.85730967869698
2056000 -7.88402826722101
2057000 -7.86698884438014
2058000 -7.86820270348006
2059000 -7.87010355011793
2060000 -7.87125066190047
2061000 -7.89642807713797
2062000 -7.89809280355381
2063000 -7.88026607729713
2064000 -7.90454121263001
2065000 -7.9052829775455
2066000 -7.88689331416304
2067000 -7.90431229600056
2068000 -7.92393304333236
2069000 -7.89960537395003
2070000 -7.91069022169786
2071000 -7.90705309713898
2072000 -7.92053578424663
2073000 -7.93427068940327
2074000 -7.92311685443813
2075000 -7.93408731391638
2076000 -7.94938188654912
2077000 -7.9381586682824
2078000 -7.92363280109102
2079000 -7.95994994260835
2080000 -7.95469504787129
2081000 -7.94410561928833
2082000 -7.98125525378471
2083000 -7.95442628036672
2084000 -7.95642427803631
2085000 -7.99458985909016
2086000 -7.96864093738075
2087000 -7.96808848978024
2088000 -8.00065664984233
2089000 -7.99019151415366
2090000 -7.98704366950688
2091000 -7.9988806219068
2092000 -8.00323737846576
2093000 -8.00089752543101
2094000 -8.00303178939297
2095000 -8.01119363295813
2096000 -8.02784481791706
2097000 -8.02372629736828
2098000 -8.01379113923429
2099000 -8.02942303982013
2100000 -8.03392115706204
2101000 -8.03037673562398
2102000 -8.0376318171877
2103000 -8.03725810064284
2104000 -8.04497802772595
2105000 -8.05174588086995
2106000 -8.03539989337977
2107000 -8.03526021241881
2108000 -8.06195680501401
2109000 -8.05617598214633
2110000 -8.05179984473502
2111000 -8.06611064137563
2112000 -8.08530372629135
2113000 -8.06607453978862
2114000 -8.07831963320306
2115000 -8.08142761369404
2116000 -8.07349824410503
2117000 -8.08597548347327
2118000 -8.09319886261784
2119000 -8.08224453857034
2120000 -8.10120549904293
2121000 -8.12335058145572
2122000 -8.12184669607468
2123000 -8.10299561297005
2124000 -8.10695423705983
2125000 -8.11292781759956
2126000 -8.12290540236147
2127000 -8.12523397681526
2128000 -8.13685292480348
2129000 -8.14429076537342
2130000 -8.13847851650264
2131000 -8.13778083377632
2132000 -8.14415194484677
2133000 -8.15067839214823
2134000 -8.14709583973246
2135000 -8.13998233475662
2136000 -8.16132408485418
2137000 -8.16381861037364
2138000 -8.17819810911472
2139000 -8.16416572192939
2140000 -8.17341725464169
2141000 -8.17470632829933
2142000 -8.17858877112578
2143000 -8.19866223954987
2144000 -8.19369489515372
2145000 -8.18495902682016
2146000 -8.18851600195281
2147000 -8.20950844096317
2148000 -8.20234591091588
2149000 -8.18883706684572
2150000 -8.21032514664473
2151000 -8.2251547112483
2152000 -8.21955454851684
2153000 -8.23042594388092
2154000 -8.22375788068859
2155000 -8.21904729734511
2156000 -8.23483003752634
2157000 -8.24771823664201
2158000 -8.24313022836692
2159000 -8.23648150808491
2160000 -8.23353118290509
2161000 -8.2435476752671
2162000 -8.24439991615436
2163000 -8.24941888419186
2164000 -8.23378901648663
2165000 -8.21400168429967
2166000 -8.22026238904613
2167000 -8.2172219703981
2168000 -8.20416475523335
2169000 -8.18776316918239
2170000 -8.16068586522938
2171000 -8.14190879956305
2172000 -8.14290411884157
2173000 -8.14591839727855
2174000 -8.16614285770095
2175000 -8.18370969496573
2176000 -8.21957897859406
2177000 -8.24517038832808
2178000 -8.25262294614287
2179000 -8.26211163599769
2180000 -8.25823547841168
2181000 -8.26069123243414
2182000 -8.26787460306883
2183000 -8.28785295063794
2184000 -8.27363856564587
2185000 -8.26940949295857
2186000 -8.23125299509254
2187000 -8.22760318959746
2188000 -8.19823987727003
2189000 -8.19187243664449
2190000 -8.17682513369909
2191000 -8.20244032523717
2192000 -8.19557719697932
2193000 -8.22905075483043
2194000 -8.26085213365426
2195000 -8.27792704804609
2196000 -8.31400815595071
2197000 -8.33080533344533
2198000 -8.33256125372016
2199000 -8.32512578371855
2200000 -8.30043999126448
2201000 -8.28316620183301
2202000 -8.2720986857434
2203000 -8.25819867186524
2204000 -8.23892252167288
2205000 -8.23085844902918
2206000 -8.21905538796442
2207000 -8.22716136420929
2208000 -8.23034420840946
2209000 -8.26187791139531
2210000 -8.29515549901219
2211000 -8.30930726762632
2212000 -8.34290849308934
2213000 -8.35356240841383
2214000 -8.34349909356202
2215000 -8.36069917785378
2216000 -8.35073223725047
2217000 -8.32896120814136
2218000 -8.32403379832985
2219000 -8.33276684606465
2220000 -8.31341768314929
2221000 -8.28828818363892
2222000 -8.29121884060707
2223000 -8.28331510895255
2224000 -8.29945640057777
2225000 -8.30379659852151
2226000 -8.32843542575049
2227000 -8.34564009476057
2228000 -8.36322737828669
2229000 -8.36968107892144
2230000 -8.3826336256236
2231000 -8.39247414037258
2232000 -8.39201063705318
2233000 -8.35794752088871
2234000 -8.35241900653759
2235000 -8.35854086167084
2236000 -8.31441918393304
2237000 -8.32163382873799
2238000 -8.34820425896529
2239000 -8.35641256961695
2240000 -8.33897555387882
2241000 -8.33337974936843
2242000 -8.3617090797449
2243000 -8.38125172052569
2244000 -8.39903726911372
2245000 -8.41440458461914
2246000 -8.42649425145981
2247000 -8.43780433971227
2248000 -8.43766557224201
2249000 -8.41891126143686
2250000 -8.42679881029104
2251000 -8.41653740860403
2252000 -8.38411456682293
2253000 -8.36607095914306
2254000 -8.37164692023361
2255000 -8.3605628935346
2256000 -8.35685674757256
2257000 -8.37492779613723
2258000 -8.37758145293909
2259000 -8.34698193921027
2260000 -8.37438215693065
2261000 -8.36242463578119
2262000 -8.34300592171191
2263000 -8.3476243403867
2264000 -8.33570965953708
2265000 -8.32947031240481
2266000 -8.32401169647214
2267000 -8.30116708769011
2268000 -8.30763426475453
2269000 -8.32004285214326
2270000 -8.34071150402163
2271000 -8.35364095635493
2272000 -8.33906838776828
2273000 -8.31529929174969
2274000 -8.32064081808301
2275000 -8.3331689016664
2276000 -8.34972871842719
2277000 -8.35971008822877
2278000 -8.3730983455529
2279000 -8.37186086618309
2280000 -8.34335502206908
2281000 -8.34314215001019
2282000 -8.37000715453441
2283000 -8.39458771573374
2284000 -8.40247866570583
2285000 -8.39673374267712
2286000 -8.39190757581022
2287000 -8.37217929154954
2288000 -8.37302909296097
2289000 -8.40506358063217
2290000 -8.41300144786302
2291000 -8.43426157181517
2292000 -8.417606799968
2293000 -8.41205461618341
2294000 -8.40852604852652
2295000 -8.43043628287365
2296000 -8.4317560939935
2297000 -8.47061484915988
2298000 -8.47304174082708
2299000 -8.44822222058511
2300000 -8.42250232287197
2301000 -8.42633558389915
2302000 -8.42898547911671
2303000 -8.45068051455793
2304000 -8.46408927374807
2305000 -8.47447168738703
2306000 -8.4619881933908
2307000 -8.44062906013415
2308000 -8.43926300632538
2309000 -8.4566063113346
2310000 -8.46965389446705
2311000 -8.47621259636494
2312000 -8.47631881498597
2313000 -8.47335197450141
2314000 -8.47585735396428
2315000 -8.4801290173933
2316000 -8.49246871423184
2317000 -8.49775695496697
2318000 -8.51283615141443
2319000 -8.50378290186901
2320000 -8.49418498505784
2321000 -8.49388702098058
2322000 -8.51404206643093
2323000 -8.51942867647388
2324000 -8.50866030812127
2325000 -8.49165248896999
2326000 -8.50539247911716
2327000 -8.51056438493359
2328000 -8.53600149204432
2329000 -8.54995784293902
2330000 -8.55303217225547
2331000 -8.52313822684345
2332000 -8.51629860365131
2333000 -8.52882852265651
2334000 -8.53995999008013
2335000 -8.53959005737556
2336000 -8.53726578287016
2337000 -8.54425704025525
2338000 -8.53190211919881
2339000 -8.54456180882227
2340000 -8.58351551513033
2341000 -8.57722856038854
2342000 -8.55514120373769
2343000 -8.54261457387718
2344000 -8.5520904933201
2345000 -8.57436049518294
2346000 -8.58574649642814
2347000 -8.58058357339793
2348000 -8.56959953960777
2349000 -8.56384602711777
2350000 -8.58297051923339
2351000 -8.59112071170003
2352000 -8.61463952665511
2353000 -8.62540525234125
2354000 -8.60119335290264
2355000 -8.59742916333288
2356000 -8.59457546955324
2357000 -8.63036541390839
2358000 -8.64825092448482
2359000 -8.64282478014236
2360000 -8.62393211503325
2361000 -8.63227123522229
2362000 -8.64921901679616
2363000 -8.64387863351928
2364000 -8.63935303364817
2365000 -8.66135255888812
2366000 -8.64646783106892
2367000 -8.65535607388257
2368000 -8.67762203303578
2369000 -8.68548402882566
2370000 -8.67075885077315
2371000 -8.66905254101945
2372000 -8.66781963467181
2373000 -8.68218120545622
2374000 -8.69316285112757
2375000 -8.70110932491748
2376000 -8.68046813121084
2377000 -8.68936148538634
2378000 -8.6884963569722
2379000 -8.69302859187623
2380000 -8.72019448195671
2381000 -8.72634698524831
2382000 -8.6950763915477
2383000 -8.69603945694011
2384000 -8.71071932289579
2385000 -8.72497936231288
2386000 -8.70676236890958
2387000 -8.71072766277765
2388000 -8.71915138569543
2389000 -8.72262137040212
2390000 -8.72912182666194
2391000 -8.72514828378683
2392000 -8.70627315695541
2393000 -8.70794392777669
2394000 -8.73490324199931
2395000 -8.7409443768109
2396000 -8.73036520862569
2397000 -8.72955248268732
2398000 -8.73556443917189
2399000 -8.74560363589801
2400000 -8.7718322231575
2401000 -8.77815049053564
2402000 -8.77749302518187
2403000 -8.77672841652505
2404000 -8.79244024085366
2405000 -8.78964158727264
2406000 -8.80396374433094
2407000 -8.81109873213179
2408000 -8.8095536582566
2409000 -8.78979656216753
2410000 -8.78926038511192
2411000 -8.80725276954402
2412000 -8.80994441108212
2413000 -8.79323883321766
2414000 -8.79691496182406
2415000 -8.81588638281162
2416000 -8.82782413431283
2417000 -8.83127439851624
2418000 -8.80759692261138
2419000 -8.81533278060895
2420000 -8.82500706997837
2421000 -8.83780627794972
2422000 -8.84594097097201
2423000 -8.84312531231024
2424000 -8.83388247135141
2425000 -8.83948048435309
2426000 -8.85343778008071
2427000 -8.8550406990202
2428000 -8.84243465158819
2429000 -8.83974717799092
2430000 -8.84636897401805
2431000 -8.86252246681928
2432000 -8.85913265426873
2433000 -8.84221982640476
2434000 -8.83099195401085
2435000 -8.84626735012509
2436000 -8.87075465120273
2437000 -8.88039065782587
2438000 -8.86623769356919
2439000 -8.86332491670305
2440000 -8.87235375399279
2441000 -8.90210561340524
2442000 -8.89837771548826
2443000 -8.89443436384094
2444000 -8.89241660863803
2445000 -8.90193940384034
2446000 -8.90092946086689
2447000 -8.88575469057978
2448000 -8.8834139374386
2449000 -8.88626045315319
2450000 -8.88158928679231
2451000 -8.91945358711139
2452000 -8.91888669881931
2453000 -8.91541912302148
2454000 -8.91798800235198
2455000 -8.92385503435274
2456000 -8.92085881230222
2457000 -8.90905833847625
2458000 -8.91932137727801
2459000 -8.94297528472445
2460000 -8.96587223930542
2461000 -8.95747727685505
2462000 -8.95615571754983
2463000 -8.95062970650417
2464000 -8.95984820576222
2465000 -8.98132795075282
2466000 -8.98839052068951
2467000 -8.97363052774123
2468000 -8.9761708315081
2469000 -8.98574224446287
2470000 -9.00613028368278
2471000 -9.00586122761937
2472000 -9.00289431014861
2473000 -8.9927195903212
2474000 -9.00339925563281
2475000 -9.0205715138784
2476000 -9.01712126362239
2477000 -9.00809221685714
2478000 -8.99027760691934
2479000 -9.01248431369438
2480000 -9.0174911587827
2481000 -9.03600030114663
2482000 -9.02797194509435
2483000 -9.02246843530843
2484000 -9.01795741859403
2485000 -9.02321278032823
2486000 -9.01906154029444
2487000 -9.02099911179031
2488000 -9.03962559669377
2489000 -9.03961097974031
2490000 -9.03336449345404
2491000 -9.02865534359467
2492000 -9.02961307631861
2493000 -9.03866694302296
2494000 -9.04773081544855
2495000 -9.03962666781562
2496000 -9.06283256611744
2497000 -9.07248704220221
2498000 -9.07778026280017
2499000 -9.05412470290703
2500000 -9.05071319645041
2501000 -9.04572566038322
2502000 -9.0794674205813
2503000 -9.0976670173103
2504000 -9.08321860174162
2505000 -9.06433960406765
2506000 -9.07075564505829
2507000 -9.10037820943714
2508000 -9.11624667309139
2509000 -9.11904449291917
2510000 -9.09468568856372
2511000 -9.10864331530774
2512000 -9.12301176298743
2513000 -9.10466075878767
2514000 -9.12070192186521
2515000 -9.13580646707203
2516000 -9.15037383489521
2517000 -9.15650467303338
2518000 -9.13643337534838
2519000 -9.12023486517857
2520000 -9.12827787229893
2521000 -9.14911704157102
2522000 -9.16391840336327
2523000 -9.16990180631268
2524000 -9.15589736115143
2525000 -9.14979151779798
2526000 -9.15952496035719
2527000 -9.15146750113227
2528000 -9.15830668581761
2529000 -9.16155479988125
2530000 -9.18163075547268
2531000 -9.18446236371127
2532000 -9.18121692746499
2533000 -9.16388288719511
2534000 -9.17233674066213
2535000 -9.18791892304153
2536000 -9.20783655681218
2537000 -9.19894088978554
2538000 -9.20239395971289
2539000 -9.20761898287796
2540000 -9.21859203155977
2541000 -9.20447732168229
2542000 -9.20725984168014
2543000 -9.21944617829693
2544000 -9.22991451662673
2545000 -9.24551910110698
2546000 -9.24882162472689
2547000 -9.23857697759633
2548000 -9.22944810141627
2549000 -9.23916650185958
2550000 -9.23841742334387
2551000 -9.25782747412471
2552000 -9.26332839366872
2553000 -9.25924789587891
2554000 -9.25345649372832
2555000 -9.25821909712951
2556000 -9.24798258999831
2557000 -9.26331831292487
2558000 -9.26958410703794
2559000 -9.27855550045917
2560000 -9.28453314022866
2561000 -9.27993201067941
2562000 -9.2849400518004
2563000 -9.28358206432391
2564000 -9.27192058192713
2565000 -9.28301288596905
2566000 -9.29260791885815
2567000 -9.29129991754948
2568000 -9.30080271526826
2569000 -9.28747327102157
2570000 -9.29516056863064
2571000 -9.30340127317156
2572000 -9.30290258603474
2573000 -9.29684379746554
2574000 -9.29182398603137
2575000 -9.28960410945557
2576000 -9.32068596935246
2577000 -9.33021617649052
2578000 -9.32961717308206
2579000 -9.32387359224253
2580000 -9.33468303205004
2581000 -9.34555875243272
2582000 -9.3479413455157
2583000 -9.33479961129707
2584000 -9.32183053110286
2585000 -9.35034516549636
2586000 -9.35823067138343
2587000 -9.37010272378109
2588000 -9.3643611599734
2589000 -9.36535606147088
2590000 -9.36337103749498
2591000 -9.3667880928578
2592000 -9.36337562351117
2593000 -9.34932743625591
2594000 -9.35342265572933
2595000 -9.35861533347154
2596000 -9.38181693855592
2597000 -9.38096332779063
2598000 -9.38573928834673
2599000 -9.38436321500089
2600000 -9.39548721393657
2601000 -9.3947589124664
2602000 -9.402653324964
2603000 -9.42152762984972
2604000 -9.42023612737404
2605000 -9.42095580357066
2606000 -9.40652509631084
2607000 -9.42553163719769
2608000 -9.43932593008
2609000 -9.42815811298586
2610000 -9.43269229226285
2611000 -9.43118895430264
2612000 -9.42884062998924
2613000 -9.43456949160795
2614000 -9.45348869457463
2615000 -9.43123060705046
2616000 -9.42919301080653
2617000 -9.46851055117632
2618000 -9.47308556474768
2619000 -9.45825732273139
2620000 -9.44236391307553
2621000 -9.46747044837499
2622000 -9.49026144822602
2623000 -9.47595030451603
2624000 -9.46384865783374
2625000 -9.46286421106452
2626000 -9.48083088062819
2627000 -9.47590300493164
2628000 -9.46640110326687
2629000 -9.4817689306279
2630000 -9.50116991543134
2631000 -9.50013189051921
2632000 -9.4892283021736
2633000 -9.4896804604469
2634000 -9.50442018370362
2635000 -9.51005161210367
2636000 -9.49935835078611
2637000 -9.49771448959965
2638000 -9.50578032852781
2639000 -9.51671724382659
2640000 -9.50767267579392
2641000 -9.51048513368567
2642000 -9.53084672638449
2643000 -9.5046707267887
2644000 -9.51787200557006
2645000 -9.53264107311182
2646000 -9.52798848750479
2647000 -9.52490362668252
2648000 -9.54712426230488
2649000 -9.56459182263393
2650000 -9.55628823239422
2651000 -9.54624521327178
2652000 -9.558158378472
2653000 -9.55906391870313
2654000 -9.56408600796768
2655000 -9.5655222294098
2656000 -9.56579252344594
2657000 -9.55843303312589
2658000 -9.56898598888335
2659000 -9.5679492579045
2660000 -9.56580721248142
2661000 -9.57079803732163
2662000 -9.5875044121294
2663000 -9.58898866994963
2664000 -9.58822249718466
2665000 -9.59084028412138
2666000 -9.60327078131876
2667000 -9.61242452097119
2668000 -9.61339995476877
2669000 -9.61520199534786
2670000 -9.61194073162529
2671000 -9.61115632042125
2672000 -9.61254038565964
2673000 -9.61323591329659
2674000 -9.61942891552128
2675000 -9.62757553798185
2676000 -9.63140878149178
2677000 -9.62565619242411
2678000 -9.62879472984873
2679000 -9.63450433286279
2680000 -9.63826117278074
2681000 -9.64121266521618
2682000 -9.64317122179411
2683000 -9.65328285991641
2684000 -9.66333568595809
2685000 -9.65255243556488
2686000 -9.65379080601523
2687000 -9.65199417263913
2688000 -9.65542384884847
2689000 -9.6697164304753
2690000 -9.65844048562481
2691000 -9.65679082745455
2692000 -9.66190892350121
2693000 -9.6958841461635
2694000 -9.6784215248831
2695000 -9.67645996984428
2696000 -9.67914251461616
2697000 -9.67380151399461
2698000 -9.69006614672026
2699000 -9.69126462203808
2700000 -9.68686687188152
2701000 -9.6971909819026
2702000 -9.69735711119603
2703000 -9.71554243831194
2704000 -9.7090479675866
2705000 -9.70051677318389
2706000 -9.710915112034
2707000 -9.71725547592887
2708000 -9.70525166272873
2709000 -9.72501167596171
2710000 -9.72553075668757
2711000 -9.73159258973018
2712000 -9.74916023375891
2713000 -9.75169434887408
2714000 -9.7474792923034
2715000 -9.7628070115433
2716000 -9.74940941830353
2717000 -9.75471178233443
2718000 -9.75111225393458
2719000 -9.77403455622855
2720000 -9.77008300367184
2721000 -9.78403731459906
2722000 -9.78768325631637
2723000 -9.77560086692947
2724000 -9.79238984645279
2725000 -9.79070234741775
2726000 -3.10952816361245
2727000 0.172450163545484
2728000 -0.226458810419302
2729000 -0.219022499546323
2730000 -0.208190751735289
2731000 -0.0871499388679497
2732000 0.0865786188611767
2733000 -0.164166586607658
2734000 0.0187441747608276
2735000 -0.0885809700061868
2736000 0.0904845691408195
2737000 -0.102337592394949
2738000 0.184975252134578
2739000 -0.0613359215726681
2740000 0.0652851694986771
2741000 -0.0354613704235518
2742000 0.0468925682684281
2743000 -0.0734787399872361
2744000 0.0488143974546334
2745000 -0.010012156032396
2746000 -0.0345925201559834
2747000 -0.0330147114161996
2748000 -0.0349061808282315
2749000 -0.043505044044952
2750000 0.00461248886618585
2751000 -0.0511376324109871
2752000 -0.0516341455427752
2753000 -0.0430138101666774
2754000 -0.0311654520358827
2755000 -0.0535169731022197
2756000 -0.021419623231173
2757000 -0.00731064924197149
2758000 -0.0197516014981731
2759000 -0.0441683159298838
2760000 -0.0563361111911194
2761000 -0.0348425420470838
2762000 -0.0155791627080564
2763000 -0.0475049160614639
2764000 -0.0104700940033746
2765000 -0.0602008356090274
2766000 -0.0591133145996521
2767000 -0.0436288323001231
2768000 -0.0759772040701019
2769000 -0.0631418869515436
2770000 -0.0622547454968542
2771000 -0.0513386658114682
2772000 -0.0620284753951135
2773000 -0.0596818416258664
2774000 -0.0797794726805966
2775000 -0.104640444119968
2776000 -0.0899103361860764
2777000 -0.0754804934941496
2778000 -0.117251371650391
2779000 -0.123326847267259
2780000 -0.0984240396547321
2781000 -0.103688274138414
2782000 -0.086342572532836
2783000 -0.112066316627462
2784000 -0.0697704070447085
2785000 -0.113064542238689
2786000 -0.10775011194274
2787000 -0.12777324267866
2788000 -0.116170958173104
2789000 -0.126858661858144
2790000 -0.112022897542478
2791000 -0.115695772177032
2792000 -0.129071401330908
2793000 -0.109652798325554
2794000 -0.197239685414574
2795000 -0.0918405508279204
2796000 -0.159231104727084
2797000 -0.1509699815568
2798000 -0.108731341869739
2799000 -0.111047815946146
2800000 -0.123909818677314
2801000 -0.1380938019235
2802000 -0.109082584879057
2803000 -0.146938449522829
2804000 -0.126461248900034
2805000 -0.135884135530821
2806000 -0.120109168031278
2807000 -0.151463750051363
2808000 -0.123496479931475
2809000 -0.159284425026657
2810000 -0.135255714275544
2811000 -0.155250469964306
2812000 -0.140691060903603
2813000 -0.167025822688862
2814000 -0.156498605380486
2815000 -0.179481370307713
2816000 -0.154942495452375
2817000 -0.200183408962589
2818000 -0.175392163161679
2819000 -0.170837036982941
2820000 -0.200189769905936
2821000 -0.161492018021371
2822000 -0.20777440286809
2823000 -0.219399651719976
2824000 -0.194724291446191
2825000 -0.180056152746163
2826000 -0.21205591075412
2827000 -0.223222930567816
2828000 -0.184249473016975
2829000 -0.229878276029432
2830000 -0.200054422606515
2831000 -0.230482893996304
2832000 -0.203713011215486
2833000 -0.180063984190281
2834000 -0.211594252592652
2835000 -0.18530562211566
2836000 -0.203356583913295
2837000 -0.238222150872955
2838000 -0.196757247869499
2839000 -0.22334424932724
2840000 -0.216518448821157
2841000 -0.186846531554394
2842000 -0.223768949261126
2843000 -0.237595524141274
2844000 -0.20911203806874
2845000 -0.233310513948583
2846000 -0.21895493886635
2847000 -0.24469567468934
2848000 -0.228269521189588
2849000 -0.232111692088128
2850000 -0.213514166865893
2851000 -0.252422484698369
2852000 -0.26628020291377
2853000 -0.242773560636028
2854000 -0.254795698528249
2855000 -0.251201600171557
2856000 -0.239972159833082
2857000 -0.272573079490004
2858000 -0.25765474240019
2859000 -0.248808052609101
2860000 -0.236114681202278
2861000 -0.312052563287608
2862000 -0.276425017020211
2863000 -0.274785235571734
2864000 -0.248684769829638
2865000 -0.271302491768394
2866000 -0.272676799472958
2867000 -0.303238600154196
2868000 -0.27388323584645
2869000 -0.290447265210906
2870000 -0.27868786636019
2871000 -0.282740260310578
2872000 -0.300877794798607
2873000 -0.285150015061827
2874000 -0.30009981425823
2875000 -0.297208299373189
2876000 -0.296072914258147
2877000 -0.272147735063624
2878000 -0.2971625124584
2879000 -0.303049590021661
2880000 -0.316666333552263
2881000 -0.305880253094549
2882000 -0.310494843087329
2883000 -0.311341404725504
2884000 -0.273755343620602
2885000 -0.311083155973066
2886000 -0.312817720082082
2887000 -0.322542909166239
2888000 -0.361767567106876
2889000 -0.319354301647136
2890000 -0.317065115588713
2891000 -0.358529961141884
2892000 -0.330195585650614
2893000 -0.31876843959
2894000 -0.334344490459391
2895000 -0.362486791845748
2896000 -0.342455854477699
2897000 -0.31453510260425
2898000 -0.353639968691843
2899000 -0.342674163383839
2900000 -0.33262947571305
2901000 -0.327927188342044
2902000 -0.359247910402773
2903000 -0.343205660627996
2904000 -0.369596369118239
2905000 -0.345998515610471
2906000 -0.337931775874052
2907000 -0.364452844164975
2908000 -0.375726347786099
2909000 -0.369766689159268
2910000 -0.387970930556324
2911000 -0.371381727797848
2912000 -0.381900956020761
2913000 -0.35958408224477
2914000 -0.361095432297858
2915000 -0.362026123415118
2916000 -0.37718680597109
2917000 -0.384705452925165
2918000 -0.362425509260415
2919000 -0.398050760520943
2920000 -0.367489459017441
2921000 -0.381634321930942
2922000 -0.357236382344135
2923000 -0.375666466491225
2924000 -0.37910313114445
2925000 -0.409207647952933
2926000 -0.35954213009433
2927000 -0.406983656754606
2928000 -0.397273506214902
2929000 -0.418387646852791
2930000 -0.399042725450572
2931000 -0.422579733310426
2932000 -0.389280665870204
2933000 -0.420693305457653
2934000 -0.42400816864158
2935000 -0.415545480096776
2936000 -0.406184533578558
2937000 -0.426812802263541
2938000 -0.420847103184862
2939000 -0.423196977800349
2940000 -0.415518528839904
2941000 -0.432883631512985
2942000 -0.438995357436098
2943000 -0.404912329532733
2944000 -0.417105447866083
2945000 -0.402925848055803
2946000 -0.423352001115983
2947000 -0.408787291168516
2948000 -0.423392335058361
2949000 -0.451643302170403
2950000 -0.441920155995343
2951000 -0.452090450990417
2952000 -0.414457689175364
2953000 -0.439252017523261
2954000 -0.430962563958866
2955000 -0.452025690616064
2956000 -0.416533131192949
2957000 -0.458003747221014
2958000 -0.425391948474473
2959000 -0.43660282676197
2960000 -0.450760551401621
2961000 -0.453288784713638
2962000 -0.462697022896748
2963000 -0.44888762544423
2964000 -0.434145811924572
2965000 -0.437856626562975
2966000 -0.422431955600426
2967000 -0.436805640089054
2968000 -0.419814544718923
2969000 -0.432370397867885
2970000 -0.457408578455684
2971000 -0.444261414564612
2972000 -0.471505313445772
2973000 -0.450273003103223
2974000 -0.451339186432866
2975000 -0.460305456599676
2976000 -0.439984862450408
2977000 -0.457277638811371
2978000 -0.423855924674754
2979000 -0.447983601163345
2980000 -0.391844758985584
2981000 -0.420428996200412
2982000 -0.432745792943141
2983000 -0.405571683136102
2984000 -0.425511649082811
2985000 -0.397657752634069
2986000 -0.426633605473833
2987000 -0.416491818587035
2988000 -0.444908020910987
2989000 -0.42149622909111
2990000 -0.460742141958824
2991000 -0.457400569988864
2992000 -0.453973148918904
2993000 -0.415689960904826
2994000 -0.431539309421988
2995000 -0.441075642728214
2996000 -0.438606350148791
2997000 -0.452275433791528
2998000 -0.423744672959597
2999000 -0.418635908356767
3000000 -0.429087437436978
3001000 -0.445021318691442
3002000 -0.419603200445465
3003000 -0.471340221053455
3004000 -0.442677484778559
3005000 -0.416999243080271
3006000 -0.421519823400653
3007000 -0.386853057398752
3008000 -0.442619235573073
3009000 -0.422791119969605
3010000 -0.443182370986038
3011000 -0.380469571011051
3012000 -0.3840552396101
3013000 -0.319245972053183
3014000 -0.402357739919718
3015000 -0.370003617409919
3016000 -0.432768768784247
3017000 -0.32258980259803
3018000 -0.39389641308799
3019000 -0.302760142105823
3020000 -0.342444122593511
3021000 -0.357028952514847
3022000 -0.360146346082247
3023000 -0.387289591986634
3024000 -0.395763516287364
3025000 -0.378309155112823
3026000 -0.357224697824681
3027000 -0.40964764736261
3028000 -0.374235738222516
3029000 -0.393002071338675
3030000 -0.380638746424627
3031000 -0.398663780598604
3032000 -0.363203764488885
3033000 -0.391289286988189
3034000 -0.392892218561261
3035000 -0.365196746383024
3036000 -0.386447429939875
3037000 -0.365208778518745
3038000 -0.384237474319734
3039000 -0.385370074216166
3040000 -0.341330557147487
3041000 -0.395711717623143
3042000 -0.311219136872418
3043000 -0.39279377862847
3044000 -0.328497660569017
3045000 -0.393138378797148
3046000 -0.281834805305892
3047000 -0.360535810368852
3048000 -0.309286668597888
3049000 -0.319574848954166
3050000 -0.333594015920049
3051000 -0.298593545381789
3052000 -0.327459201283444
3053000 -0.280399464508495
3054000 -0.327363224747136
3055000 -0.324151981833305
3056000 -0.353708480852665
3057000 -0.346473878272856
3058000 -0.308209004166061
3059000 -0.379600754975832
3060000 -0.299706215319506
3061000 -0.37948634613683
3062000 -0.321894997477414
3063000 -0.35436672801171
3064000 -0.328484477246515
3065000 -0.345457493844218
3066000 -0.362092427960734
3067000 -0.340873701697829
3068000 -0.361926622266847
3069000 -0.334975726531359
3070000 -0.377341851825514
3071000 -0.360535901495138
3072000 -0.355535059387221
3073000 -0.336069458428299
3074000 -0.377273060510488
3075000 -0.352426685126474
3076000 -0.319022261870878
3077000 -0.338729080780421
3078000 -0.350227933575747
3079000 -0.345152428741276
3080000 -0.362566589785688
3081000 -0.338563813795742
3082000 -0.372062717430481
3083000 -0.364818112134111
3084000 -0.394430171838257
3085000 -0.371093011053124
3086000 -0.343653841665829
3087000 -0.385506170835976
3088000 -0.3988885951844
3089000 -0.393304848251692
3090000 -0.373966799942262
3091000 -0.3999823911576
3092000 -0.347520232612063
3093000 -0.40330391692259
3094000 -0.367012654126879
3095000 -0.390093129253706
3096000 -0.375877292925091
3097000 -0.371147575176242
3098000 -0.37516576326744
3099000 -0.374597936054974
3100000 -0.392571660581669
