#Timestep sxy 
100000 -0.00296839203449468
101000 -0.0465037330940992
102000 -0.110143448072629
103000 -0.166341112245706
104000 -0.195366613983464
105000 -0.254665549113577
106000 -0.313303820129116
107000 -0.350831273923858
108000 -0.400647717179595
109000 -0.434220498002608
110000 -0.503779146016548
111000 -0.572611927669582
112000 -0.609999515602176
113000 -0.647929414687672
114000 -0.667184912051053
115000 -0.576724765825722
116000 -0.600260986212529
117000 -0.705757839258625
118000 -0.666454973615669
119000 -0.598539722868419
120000 -0.72145690940707
121000 -0.883826151041785
122000 -0.857770480948293
123000 -0.84316918518231
124000 -0.962714079396156
125000 -0.965605643283208
126000 -0.861550849793534
127000 -0.994585935960698
128000 -1.12836681549689
129000 -1.01822506304366
130000 -1.08531940072799
131000 -1.20164962648361
132000 -1.15933409504276
133000 -1.15430688520339
134000 -1.30101267754909
135000 -1.29316318036287
136000 -1.28244296402768
137000 -1.35894567816916
138000 -1.39494451150555
139000 -1.38390983153944
140000 -1.44633599484745
141000 -1.52938853290605
142000 -1.49376787794363
143000 -1.53172410768029
144000 -1.6335835172362
145000 -1.5974770206325
146000 -1.6637690105453
147000 -1.72518985979964
148000 -1.68745363838583
149000 -1.80106772217971
150000 -1.81849913183503
151000 -1.77953302826272
152000 -1.89995820361308
153000 -1.89297514347816
154000 -1.91651858950839
155000 -2.02373543642091
156000 -1.94460129995924
157000 -2.07105976886342
158000 -2.08452100046412
159000 -2.12377498945106
160000 -2.10492102751031
161000 -2.20687396079254
162000 -2.19102126161442
163000 -2.30980423150457
164000 -2.21252556004142
165000 -2.36588698379391
166000 -2.33765784462685
167000 -2.38981791890441
168000 -2.45599968568715
169000 -2.39194939384737
170000 -2.55654091111841
171000 -2.47372830812547
172000 -2.60159118537868
173000 -2.56508065334042
174000 -2.64631895252791
175000 -2.67537665329376
176000 -2.68674374881882
177000 -2.75148541318874
178000 -2.74094702693199
179000 -2.84502603111081
180000 -2.8009731417415
181000 -2.92947063678096
182000 -2.85807469949925
183000 -2.98747589745861
184000 -2.92454274623841
185000 -3.04134555457319
186000 -3.00851589165138
187000 -3.09349891157576
188000 -3.09310957051225
189000 -3.14876312706744
190000 -3.1883792664731
191000 -3.17993596601959
192000 -3.30925112866357
193000 -3.20681653912094
194000 -3.36289157039704
195000 -3.28861578265099
196000 -3.45260517023826
197000 -3.33791570849813
198000 -3.51256297430688
199000 -3.4561515118027
200000 -3.51404892938615
201000 -3.56925317053735
202000 -3.54866534214046
203000 -3.66545625219734
204000 -3.62658242755079
205000 -3.69731041259048
206000 -3.73813396389808
207000 -3.70764469823122
208000 -3.84534925743865
209000 -3.73149221068866
210000 -3.91718795043691
211000 -3.85543899190861
212000 -3.91590449716063
213000 -3.99525236488838
214000 -3.95066643476185
215000 -4.03062841229968
216000 -4.07690031175102
217000 -4.04919440910818
218000 -4.18880108176393
219000 -4.09346167729843
220000 -4.23788775880002
221000 -4.22898164070712
222000 -4.23712075906732
223000 -4.32632317314396
224000 -4.3062596595991
225000 -4.35107088624594
226000 -4.40634543458468
227000 -4.41336944428123
228000 -4.45800234476322
229000 -4.49079239653232
230000 -4.51298997061075
231000 -4.58041263140183
232000 -4.56467231435901
233000 -4.63404175012966
234000 -4.67344184326266
235000 -4.66582676379261
236000 -4.72098192080647
237000 -4.78302874987658
238000 -4.76181796168641
239000 -4.83313345274116
240000 -4.84238816136925
241000 -4.86613130045169
242000 -4.95015966968616
243000 -4.92820052983474
244000 -4.96248035430607
245000 -5.06197432275143
246000 -5.03697958015335
247000 -5.04547663218186
248000 -5.15163646577917
249000 -5.16749511548845
250000 -5.15082855338599
251000 -5.24774598283035
252000 -5.25757935596954
253000 -5.24889189852756
254000 -5.36298648709865
255000 -5.3423011570783
256000 -5.32088554802188
257000 -5.44482508004843
258000 -5.50826466381741
259000 -5.40560572316835
260000 -5.51573337737423
261000 -5.59598056639717
262000 -5.53397456548251
263000 -5.56516140983591
264000 -5.67761046021688
265000 -5.67034728740283
266000 -5.68738074708982
267000 -5.76018902175987
268000 -5.77526991296287
269000 -5.74815060431737
270000 -5.85620504088444
271000 -5.89365965846058
272000 -5.83990430155145
273000 -5.91600855049356
274000 -6.02743433792585
275000 -5.99973210041104
276000 -5.98422297182181
277000 -6.04429570430038
278000 -6.11309240825921
279000 -6.1177688617729
280000 -6.12673034000352
281000 -6.19818079657549
282000 -6.18618069156173
283000 -6.25288548209142
284000 -6.25886040432453
285000 -6.31980554542746
286000 -6.32291843418002
287000 -6.33113261153896
288000 -6.41147829317856
289000 -6.46880188490847
290000 -6.45757394056322
291000 -6.44624725996627
292000 -6.53708144733993
293000 -6.60880749681374
294000 -6.57586662746609
295000 -6.54903398251129
296000 -6.6490392256373
297000 -6.74334379941411
298000 -6.73491480528899
299000 -6.69660206988002
300000 -6.76401275509557
301000 -6.82723445668283
302000 -6.85064675759845
303000 -6.84297783404373
304000 -6.86007429165185
305000 -6.94651312422272
306000 -6.99721057890302
307000 -6.99737971248692
308000 -6.9865433933937
309000 -7.05033558627105
310000 -7.09774902223255
311000 -7.10987814594131
312000 -7.13526593911728
313000 -7.18556443745732
314000 -7.19856970807925
315000 -7.23004171563744
316000 -7.24928896682865
317000 -7.28007589652686
318000 -7.31339349276569
319000 -7.34533074729144
320000 -7.3577445699954
321000 -7.35353589065943
322000 -7.42289394732329
323000 -7.48694262790776
324000 -7.49008877618037
325000 -7.46624284984238
326000 -7.49642403491253
327000 -7.57360364437717
328000 -7.60736814233265
329000 -7.63432202734927
330000 -7.64712711912398
331000 -7.66017101852902
332000 -7.69073162440908
333000 -7.73889292765453
334000 -7.76730337780884
335000 -7.79152390467289
336000 -7.79690250725303
337000 -7.84440688853522
338000 -7.85976029929696
339000 -7.90516182046712
340000 -7.96076837318848
341000 -7.97365030061805
342000 -8.00394400957348
343000 -8.03477903251894
344000 -8.00783440391716
345000 -8.04015473294094
346000 -8.07691885309682
347000 -8.11680740076105
348000 -8.18923212119191
349000 -8.21110463974273
350000 -8.2254835980525
351000 -4.3799568309678
352000 -0.00486728779415542
353000 -0.021913351243274
354000 -0.0201639146337005
355000 0.0203353894459723
356000 -0.424809184392517
357000 -0.0813564981761622
358000 -0.240755991721501
359000 -0.247553182662071
360000 -0.195050130530554
361000 -0.149066422893327
362000 -0.121958609883461
363000 -0.316317173325394
364000 -0.0861149477066936
365000 -0.139082430122085
366000 -0.232508580936008
367000 -0.169309215358447
368000 -0.222203283014246
369000 -0.0453706174336276
370000 -0.249395286632998
371000 -0.166332490508564
372000 -0.151096117319442
373000 -0.172665892518628
374000 -0.0758377348746079
375000 -0.12750103663771
376000 -0.173648577704934
377000 -0.112787633485676
378000 -0.169273487284232
379000 -0.307730324780766
380000 -0.119777088037045
381000 -0.267292899184774
382000 -0.142469880162061
383000 -0.147641128370666
384000 -0.143089956661005
385000 -0.156721198796853
386000 -0.214749746955023
387000 -0.0872562186354361
388000 -0.191716779181891
389000 -0.208886627560479
390000 -0.151097500400429
391000 -0.102640169484337
392000 -0.218797092176029
393000 -0.122419453384809
394000 -0.0344695458100672
395000 -0.11548226625523
396000 -0.185259705138654
397000 -0.145385093802392
398000 -0.201010744004229
399000 -0.0705178863520349
400000 -0.235405180765313
401000 -0.155971321259842
402000 -0.162575126176769
403000 -0.130119977174366
404000 -0.162250413988508
405000 -0.167266658494492
406000 -0.166072797035253
407000 -0.192326140094452
408000 -0.210807676186339
409000 -0.223624582013704
410000 -0.239546009609199
411000 -0.148008691411376
412000 -0.194375571538109
413000 -0.12495236800219
414000 -0.254539948057978
415000 -0.231674806784944
416000 -0.174175969659553
417000 -0.181904298389205
418000 -0.281560712507759
419000 -0.174167720309675
420000 -0.191490433838546
421000 -0.192728071851387
422000 -0.212421504662736
423000 -0.209129174335599
424000 -0.14657911383548
425000 -0.202690615225651
426000 -0.155124301844956
427000 -0.217060872999561
428000 -0.195609420387799
429000 -0.152019521283837
430000 -0.0938985690088276
431000 -0.187606887860035
432000 -0.131207629175778
433000 -0.138089253330455
434000 -0.121710511966516
435000 -0.0849297241406382
436000 -0.186301121283233
437000 -0.0187401932633967
438000 -0.0568767682115937
439000 -0.0622398049422572
440000 -0.0335647467045272
441000 -0.212915656131801
442000 -0.153582366186029
443000 -0.104448316430403
444000 0.0163988615441664
445000 -0.178315000716226
446000 -0.026581982670002
447000 -0.123861919733286
448000 -0.089646069025474
449000 -0.104422445083111
450000 -0.0881017006260536
451000 -0.187491458286133
452000 -0.0854223311975483
453000 -0.113985806723094
454000 -0.067126660724644
455000 -0.102015991358461
456000 -0.136355254769128
457000 -0.113379900103922
458000 -0.107006689411971
459000 -0.0988974272619171
460000 -0.117084129519314
461000 -0.0975027612699503
462000 -0.105793403371334
463000 -0.141974428128989
464000 -0.0903207905480441
465000 -0.108098960941587
466000 -0.120455686384444
467000 -0.107278101077757
468000 -0.115204391108867
469000 -0.133556777790278
470000 -0.0614856183827072
471000 -0.0912326262792031
472000 -0.0813993575418192
473000 -0.158037134385809
474000 -0.132603718575608
475000 -0.15721113013682
476000 -0.0267394282736808
477000 -0.148851490126329
478000 -0.0816747052297121
479000 -0.148055235538398
480000 -0.07663246313067
481000 -0.106424747492063
482000 -0.085975639433372
483000 -0.074010832977247
484000 -0.107317197019204
485000 -0.0355127795529029
486000 -0.0614426706814208
487000 -0.0943469680887789
488000 -0.106132897013505
489000 -0.111467313416277
490000 -0.0529562272805566
491000 -0.0866529941699649
492000 -0.104892743219006
493000 -0.220907755834738
494000 -0.0717319091030897
495000 -0.180025070273014
496000 -0.0850691301351397
497000 -0.0927812063601665
498000 -0.168082061051373
499000 -0.102802298025727
500000 -0.0609108896627105
501000 -0.103751234906395
502000 -0.124992806201876
503000 -0.106340994833234
504000 -0.132406724011683
505000 -0.143963992656881
506000 -0.104448841094018
507000 -0.135988287616047
508000 -0.122944646540383
509000 -0.106675931711326
510000 -0.124495014516248
511000 -0.0967369757474242
512000 -0.0858473858293561
513000 -0.050239790948334
514000 -0.041259799918459
515000 -0.010437820716046
516000 -0.0833228470384941
517000 -0.134395807972147
518000 -0.0786068047561728
519000 -0.0619893176828299
520000 -0.0365832770278462
521000 -0.194285231729244
522000 -0.137932154037325
523000 -0.0989171944851982
524000 -0.0956103327325554
525000 -0.0919584265395149
526000 -0.0704771658881539
527000 -0.159385470369537
528000 -0.0450365051713706
529000 -0.107110844823808
530000 -0.0989590861240956
531000 -0.0559780925773234
532000 -0.064352112981745
533000 -0.0538259970056686
534000 -0.141020717220152
535000 -0.135473620297075
536000 -0.120352730644528
537000 -0.0973042061207064
538000 -0.0891032882862555
539000 -0.0910889966424135
540000 -0.130248154916369
541000 -0.137377566661381
542000 -0.0690316820552759
543000 -0.168572412735184
544000 -0.0446162980239489
545000 -0.101001608303245
546000 -0.0844938360983557
547000 -0.175056050853989
548000 -0.0789217725150145
549000 -0.0189721247625954
550000 -0.0779517567278156
551000 -0.0817169271868941
552000 -0.117271946432819
553000 -0.0888102736654304
554000 -0.0438050243146349
555000 -0.0528761624061674
556000 -0.0810815246036298
557000 -0.0701245538759398
558000 -0.0579697778027009
559000 -0.116417108401845
560000 -0.0608944557489957
561000 -0.105920515562695
562000 -0.120417318595345
563000 -0.128245842358471
564000 -0.0677567309203618
565000 -0.0709986742574609
566000 -0.151116956519181
567000 -0.0474860608033504
568000 -0.132595525443744
569000 -0.134419782321793
570000 -0.0498348391264654
571000 -0.109324045417317
572000 -0.169471956670742
573000 -0.0641976473123669
574000 -0.0907950513574381
575000 -0.0809871033546201
576000 -0.135213257915806
577000 -0.136135384321166
578000 -0.106171513624476
579000 -0.0696178737999797
580000 -0.0744126282782423
581000 -0.0736877409299331
582000 0.0271738816225685
583000 -0.0742038037691911
584000 -0.0956264500484754
585000 -0.0891323680793082
586000 -0.140300255855098
587000 -0.0989991966185355
588000 -0.0955583151362095
589000 -0.0132641148014332
590000 -0.120822280109033
591000 -0.127659280604819
592000 -0.128150836823693
593000 -0.118762774102588
594000 -0.153503800236849
595000 -0.114972834862783
596000 -0.0942149000173972
597000 -0.06917872991849
598000 -0.128788517878565
599000 -0.0926109895648282
600000 -0.132226010112076
601000 -0.135229276956595
602000 -0.00536176708221209
603000 -0.13722811712967
604000 -0.144341671030663
605000 -0.0678466635405868
606000 -0.061630598159639
607000 -0.0346984523027216
608000 -0.1287464202593
609000 -0.106661571431579
610000 -0.0977322491837938
611000 -0.0554015451560974
612000 -0.083512838141932
613000 -0.0895046956918506
614000 -0.136797741979434
615000 -0.092704960981153
616000 -0.0660959168239623
617000 -0.0998752186964913
618000 -0.0216762091823251
619000 -0.0212564112386349
620000 -0.0942305677894296
621000 -0.0910254338523056
622000 0.0103993533989337
623000 -0.0540733108838242
624000 -0.1020171510672
625000 -0.0794375644329109
626000 -0.0252761230891708
627000 -0.0174849307119108
628000 -0.143930846464219
629000 0.00458617686371742
630000 -0.0042126088701063
631000 -0.0656932395120491
632000 -0.0745534161659052
633000 -0.105285178971591
634000 -0.062385346804477
635000 -0.162837591761145
636000 -0.0905631557884411
637000 -0.107552658366928
638000 -0.054992797797202
639000 -0.102106983745
640000 -0.00154519069932381
641000 -0.00807753581567533
642000 -0.0726155862212818
643000 -0.0951126037000123
644000 -0.00705656635400752
645000 -0.0341860770735164
646000 -0.131401493299873
647000 -0.0639168396749839
648000 -0.030386510922646
649000 -0.1130328370558
650000 -0.130030953034819
651000 -0.102298045939136
652000 -0.0359189182622111
653000 -0.106266178124527
654000 -0.0201479014747306
655000 -0.0839587547216437
656000 -0.0563350454162589
657000 -0.0882854697541497
658000 -0.0716937388610365
659000 -0.0881702032310041
660000 -0.126860518659557
661000 -0.123656453080527
662000 -0.123780967471652
663000 -0.127190252661738
664000 -0.128279201342685
665000 -0.0428703704535694
666000 -0.117452791062382
667000 -0.0562684254989929
668000 -0.0406993431177543
669000 -0.128140375016804
670000 -0.0978837037269484
671000 -0.0439600790898244
672000 -0.0692526555258514
673000 -0.140894756111088
674000 -0.0834127920411728
675000 -0.0760457737331544
676000 -0.010651317351531
677000 -0.135182808794597
678000 -0.132912303836793
679000 -0.103400254136593
680000 -0.0897729094208769
681000 -0.10589114978094
682000 -0.0161105584560215
683000 -0.0425071851714367
684000 -0.105731345758314
685000 -0.0862799042323881
686000 -0.0630810827478066
687000 -0.0681445098795717
688000 -0.171608843107315
689000 -0.0918358819012891
690000 -0.0407412929788257
691000 -0.0439423169929181
692000 -0.0852249494389187
693000 -0.0237112500382695
694000 -0.148993346113993
695000 -0.0814280867879936
696000 0.0211911469899871
697000 -0.089729231471275
698000 -0.0496632428717536
699000 -0.0611646621476579
700000 -0.0834204247529606
701000 -0.0857285294685668
702000 -0.00956367384633427
