#Timestep  sxy 
100000 0.0035172812376581
101000 -0.0412182241094452
102000 -0.104092207624931
103000 -0.150798078595775
104000 -0.211530425330104
105000 -0.266126432705607
106000 -0.307286496454268
107000 -0.3652114454348
108000 -0.412554889960233
109000 -0.453108512854568
110000 -0.49899900120789
111000 -0.543783238438868
112000 -0.571709190057461
113000 -0.572310072880353
114000 -0.590191396326248
115000 -0.62545119947447
116000 -0.716761974708784
117000 -0.788354832867461
118000 -0.813056454364691
119000 -0.84043637288728
120000 -0.799304197838745
121000 -0.847753728231881
122000 -0.964940556016331
123000 -1.03979351524409
124000 -1.02596192159329
125000 -0.983173902830817
126000 -1.07223953067484
127000 -1.19030537612407
128000 -1.20705251318377
129000 -1.13552857318151
130000 -1.20377358492389
131000 -1.35141257405381
132000 -1.34835852379593
133000 -1.28601711442263
134000 -1.40328999527604
135000 -1.51262716555089
136000 -1.47320515315187
137000 -1.45177882198065
138000 -1.60430016626782
139000 -1.64423829514633
140000 -1.56434646250608
141000 -1.69699016124921
142000 -1.76357656136189
143000 -1.71850294855232
144000 -1.77701320024794
145000 -1.8810702768594
146000 -1.84552690298822
147000 -1.90057334645932
148000 -1.99031684676442
149000 -1.95312885251682
150000 -2.04052096922489
151000 -2.08378023629494
152000 -2.07737587332053
153000 -2.18539357114784
154000 -2.17665105405557
155000 -2.21913021349575
156000 -2.31570987525372
157000 -2.27369614553777
158000 -2.34652646691751
159000 -2.42325862687007
160000 -2.37795360391535
161000 -2.50993673236345
162000 -2.49226553946825
163000 -2.51327076770868
164000 -2.62241477136528
165000 -2.58604612836221
166000 -2.7059401417027
167000 -2.68324322195035
168000 -2.73975521050939
169000 -2.81683232018128
170000 -2.79274956841178
171000 -2.8918600525993
172000 -2.89844274188302
173000 -2.95676114128281
174000 -2.99310848024278
175000 -3.00867710340328
176000 -3.10022913312021
177000 -3.05944991646883
178000 -3.20735338169433
179000 -3.13748610939993
180000 -3.25718332386
181000 -3.26610210112645
182000 -3.29587394988969
183000 -3.3686204828842
184000 -3.36501068517699
185000 -3.45557605143917
186000 -3.42845873505828
187000 -3.55673491325168
188000 -3.49570437137702
189000 -3.63334070689699
190000 -3.61538354629338
191000 -3.69246336160126
192000 -3.7026137214403
193000 -3.74825411117927
194000 -3.79955972591796
195000 -3.81371438994669
196000 -3.87880375247923
197000 -3.89137129955311
198000 -3.97888614750519
199000 -3.96057368677933
200000 -4.06931426115354
201000 -4.03966696363599
202000 -4.15210390862871
203000 -4.12362430175195
204000 -4.2252443989056
205000 -4.19613844133393
206000 -4.3085963420909
207000 -4.28125111135227
208000 -4.37504864918587
209000 -4.36729866055849
210000 -4.45434082035628
211000 -4.45341452124888
212000 -4.53109546105167
213000 -4.5502993207441
214000 -4.59762235265633
215000 -4.64987807732218
216000 -4.67139307759828
217000 -4.70957369663129
218000 -4.77354143532808
219000 -4.78697710766803
220000 -4.85965575532524
221000 -4.8494888055785
222000 -4.93059300303458
223000 -4.94319532878098
224000 -4.99695953876607
225000 -5.02238688647067
226000 -5.08796097995335
227000 -5.09366570130156
228000 -5.16048798688672
229000 -5.16168868820357
230000 -5.26149390678983
231000 -5.24954311334906
232000 -5.31939696790179
233000 -5.37470025903422
234000 -5.36800483169625
235000 -5.45640450094644
236000 -5.45182384111935
237000 -5.54131704249953
238000 -5.52306531580036
239000 -5.5885322164213
240000 -5.6448226680987
241000 -5.65830917191014
242000 -5.69965028349199
243000 -5.75042947273317
244000 -5.78725694690445
245000 -5.83521420670779
246000 -5.85253592950906
247000 -5.92578871568343
248000 -5.9215500265401
249000 -5.99514967423257
250000 -6.02909562785988
251000 -6.03730806019042
252000 -6.11401452876835
253000 -6.12306840271655
254000 -6.1932390507039
255000 -6.2416024395277
256000 -6.22346626904111
257000 -6.33600193560644
258000 -6.32790704465577
259000 -6.36655633364348
260000 -6.43482309267799
261000 -6.4356725115492
262000 -6.49224069886873
263000 -6.54550483692738
264000 -6.53720561072109
265000 -6.62475540324493
266000 -6.62606930665613
267000 -6.66215246206299
268000 -6.73320875598212
269000 -6.75290196690658
270000 -6.82111321966726
271000 -6.84834143405304
272000 -6.87656061921943
273000 -6.93895921731888
274000 -6.93682294303458
275000 -6.99651412605966
276000 -7.04389091808912
277000 -7.04847113058365
278000 -7.11207420908169
279000 -7.12643146873009
280000 -7.1529565048296
281000 -7.23451027570296
282000 -7.23085690013379
283000 -7.28093777578729
284000 -7.35556942641172
285000 -7.34588424285554
286000 -7.4270424069605
287000 -7.458456162693
288000 -7.46030661657291
289000 -7.54259382652013
290000 -7.54293374061703
291000 -7.55144609431905
292000 -7.64547218351711
293000 -7.65251665267456
294000 -7.69708631333523
295000 -7.7719302894967
296000 -7.77373100804954
297000 -7.80659120041067
298000 -7.87384280382078
299000 -7.86126826354501
300000 -7.89728358712787
301000 -7.92959335136096
302000 -7.98281000266082
303000 -8.03462867217553
304000 -8.05754816068167
305000 -8.10656316159755
306000 -8.14314215339668
307000 -8.12358437443027
308000 -8.21074601873665
309000 -8.28108709198312
310000 -8.26388918248177
311000 -8.31846467486658
312000 -8.36621521828135
313000 -8.30675543012113
314000 -8.37234975311633
315000 -8.4418740354169
316000 -8.48999922202383
317000 -8.45350833719139
318000 -8.4081737786528
319000 -8.39051377548437
320000 -8.3640218731773
321000 -8.34446931494197
322000 -8.34103942048972
323000 -8.42787519477874
324000 -8.47982352895495
325000 -8.54542614896595
326000 -8.55201032967036
327000 -8.54093757802762
328000 -8.55301136927104
329000 -8.57370991810472
330000 -8.11718359078241
331000 -0.192515891065178
332000 0.430714838904323
333000 -0.240687394725722
334000 -0.351572141845344
335000 0.0390188794396248
336000 -0.107218768346601
337000 -0.199006668093466
338000 0.0516491000790153
339000 -0.186209811531618
340000 -0.106203180893785
341000 -0.160543820248613
342000 0.088563861619246
343000 -0.042198169207735
344000 -0.091460502052738
345000 -0.117373149268792
346000 -0.140045345743931
347000 -0.139318959682383
348000 -0.146954091621624
349000 -0.187152357015583
350000 -0.219199917358577
