#Timestep  sxy 
100000 0.000957223461328257
101000 -0.050228278045496
102000 -0.10871035905387
103000 -0.152770708824319
104000 -0.198218842123161
105000 -0.256402383052344
106000 -0.315021740985709
107000 -0.363911546508188
108000 -0.418014607683138
109000 -0.467589165071831
110000 -0.511243167817124
111000 -0.561989909557226
112000 -0.578998913437952
113000 -0.535416605332636
114000 -0.558809255197012
115000 -0.694193304706871
116000 -0.753239325931945
117000 -0.73060537315629
118000 -0.719888646170699
119000 -0.829378162653498
120000 -0.911666866254257
121000 -0.895248820748498
122000 -0.881925713675583
123000 -0.962586590346613
124000 -1.02419164293365
125000 -0.988147582683717
126000 -1.01235463832942
127000 -1.10396150946693
128000 -1.12534009075989
129000 -1.14313680613456
130000 -1.1920915475142
131000 -1.22026035678448
132000 -1.24714214166326
133000 -1.3193278900145
134000 -1.34429807444864
135000 -1.33872987760659
136000 -1.38433409024293
137000 -1.4291463079596
138000 -1.48832229055069
139000 -1.55801781609871
140000 -1.5153960819433
141000 -1.51263761480061
142000 -1.654176403573
143000 -1.66490511116954
144000 -1.67441660648996
145000 -1.71054276965484
146000 -1.72511604547122
147000 -1.81139869774912
148000 -1.83310466715991
149000 -1.79251901953985
150000 -1.94271591696262
151000 -1.93265282216021
152000 -1.92321952605281
153000 -2.02802772342773
154000 -2.03012425167629
155000 -2.05798692455287
156000 -2.09400184847631
157000 -2.13983931974332
158000 -2.19682913193112
159000 -2.15562303763093
160000 -2.2767143350812
161000 -2.30184082181612
162000 -2.26002187214881
163000 -2.38728604593876
164000 -2.38175335659108
165000 -2.39178750492278
166000 -2.47688418850205
167000 -2.46931418380105
168000 -2.52373364288175
169000 -2.55975840819163
170000 -2.5873095913093
171000 -2.61909020673559
172000 -2.66473555725792
173000 -2.70353889211634
174000 -2.69227244059915
175000 -2.8198055988979
176000 -2.74010528227043
177000 -2.87756565835503
178000 -2.85665966696753
179000 -2.9150296322633
180000 -2.9279950074266
181000 -2.98736053056935
182000 -2.99147103646192
183000 -3.05917840810953
184000 -3.06904508001729
185000 -3.11229924942342
186000 -3.17062693572528
187000 -3.13595470371176
188000 -3.2801964771575
189000 -3.18075484114292
190000 -3.35116751685825
191000 -3.26596039035608
192000 -3.37989987105619
193000 -3.3930724029236
194000 -3.39725814325483
195000 -3.49449815763523
196000 -3.44547811867333
197000 -3.5580026430617
198000 -3.53014422883664
199000 -3.60261715405628
200000 -3.61324958891082
201000 -3.64177996220245
202000 -3.72822642605546
203000 -3.67377260134892
204000 -3.84226524739027
205000 -3.69188970642762
206000 -3.92039587742249
207000 -3.78024284998076
208000 -3.94290548726589
209000 -3.93540083762566
210000 -3.93866769241994
211000 -4.0572234080995
212000 -3.97675854785316
213000 -4.11860520769059
214000 -4.06658900256993
215000 -4.16647903497262
216000 -4.17441293603564
217000 -4.19011088320007
218000 -4.27599847853522
219000 -4.22473146659259
220000 -4.35690667648317
221000 -4.32291440664437
222000 -4.35556591072544
223000 -4.4642322444867
224000 -4.38228580081121
225000 -4.49702077230189
226000 -4.53300838648969
227000 -4.48366284308149
228000 -4.60914080714953
229000 -4.59815933637029
230000 -4.6068090917989
231000 -4.70479745209048
232000 -4.68369670912597
233000 -4.74004783059854
234000 -4.78003938781344
235000 -4.79200110019197
236000 -4.85062161506851
237000 -4.86581844400406
238000 -4.92243569276572
239000 -4.92481898885747
240000 -4.96642467763309
241000 -5.03399367309309
242000 -5.0542006955266
243000 -5.04827287452197
244000 -5.14836264879034
245000 -5.12182161185639
246000 -5.15503685978367
247000 -5.23483147219375
248000 -5.2493047216062
249000 -5.24029017810995
250000 -5.33717043664392
251000 -5.31519185582644
252000 -5.34393950221163
253000 -5.41434610775863
254000 -5.47086629253996
255000 -5.39822050678873
256000 -5.54001874207932
257000 -5.55057374764809
258000 -5.53719044879042
259000 -5.56263488728347
260000 -5.71117744574376
261000 -5.64231954650814
262000 -5.65294404524022
263000 -5.77858768332202
264000 -5.77923444487719
265000 -5.75350999593151
266000 -5.81029721504792
267000 -5.94473508309174
268000 -5.84182058360425
269000 -5.8947749427588
270000 -6.01659759130167
271000 -6.00202323091222
272000 -5.97040486734437
273000 -6.07476800068382
274000 -6.14111122523336
275000 -6.09102266403321
276000 -6.11054697778062
277000 -6.26503726470577
278000 -6.23679814724915
279000 -6.20335583287248
280000 -6.24586368372174
281000 -6.3624525625025
282000 -6.37783744112972
283000 -6.30319453452082
284000 -6.40040096752293
285000 -6.50278581202095
286000 -6.48906501011041
287000 -6.44400218541338
288000 -6.50101492422719
289000 -6.61444956003007
290000 -6.63976011921445
291000 -6.5517524433215
292000 -6.64205720128204
293000 -6.73948719833926
294000 -6.76270286102164
295000 -6.69940942330654
296000 -6.77230625634709
297000 -6.85978320293988
298000 -6.88181386969969
299000 -6.82051745279716
300000 -6.87896405099271
301000 -6.99162934912523
302000 -6.98478575204745
303000 -6.9809988777043
304000 -7.01663280649313
305000 -7.08403811948518
306000 -7.13839647671497
307000 -7.13434799953044
308000 -7.1059679578867
309000 -7.19567107768573
310000 -7.26935753159486
311000 -7.26111034391011
312000 -7.25218619068943
313000 -7.276678595918
314000 -7.36348343286287
315000 -7.40266647486375
316000 -7.39880123331539
317000 -7.39215438605947
318000 -7.43162933755759
319000 -7.52691759718113
320000 -7.5844909474853
321000 -7.53103530862768
322000 -7.52986895357942
323000 -7.59374990517491
324000 -7.67180811482165
325000 -7.71544849421703
326000 -7.69495074714153
327000 -7.68334172619956
328000 -7.73897906663562
329000 -7.80946699558892
330000 -7.85169563749415
331000 -7.87766991391734
332000 -7.84179500079166
333000 -7.88199857492193
334000 -7.94716474893318
335000 -7.977712320618
336000 -8.01447110123706
337000 -8.00337167879238
338000 -8.0447477130651
339000 -8.1061007518238
340000 -8.12379285559269
341000 -8.14236566978736
342000 -8.16077937828538
343000 -8.17774665565311
344000 -8.21568691111406
345000 -8.29540870667476
346000 -8.30476496005986
347000 -8.3259601172268
348000 -8.33006683437139
349000 -8.35061898611599
350000 -8.3943346039321
351000 -8.4211407396871
352000 -8.46013891340448
353000 -8.49992574388136
354000 -8.53393174317897
355000 -8.52878286451314
356000 -8.56120004106914
357000 -8.576979237494
358000 -8.60838953218241
359000 -8.65091485394396
360000 -8.67831923014606
361000 -8.71951482139351
362000 -8.74187685472598
363000 -8.76056820328177
364000 -8.77884339689547
365000 -8.77998446803116
366000 -8.80285248812896
367000 -8.82907610102398
368000 -8.890840814092
369000 -8.92752272103023
370000 -8.96147888632312
371000 -8.97950887288328
372000 -8.99014804830495
373000 -8.98498571002017
374000 -9.02546689834971
375000 -9.05955888603738
376000 -9.08289937854659
377000 -9.13065975653121
378000 -9.14277483739301
379000 -9.17202516916374
380000 -9.21391432468028
381000 -9.23070835515826
382000 -9.2360397598809
383000 -9.29194648354666
384000 -9.2689091538982
385000 -9.29003064924189
386000 -9.3411768827247
387000 -9.34569440849702
388000 -9.39542389557622
389000 -9.44038021100582
390000 -9.48004878411389
391000 -2.61264088582307
392000 -0.147959114502918
393000 -0.212359909122544
394000 -0.367252719775681
395000 -0.255211403441579
396000 -0.527467687418115
397000 -0.14618561485922
398000 -0.323105018425046
399000 -0.234681914462372
400000 -0.359687468297503
401000 -0.23808615215723
402000 -0.311820274422303
403000 -0.347789899618638
404000 -0.3675282119273
405000 -0.29003332402851
406000 -0.239286334555989
407000 -0.2700438254528
408000 -0.311195656177868
409000 -0.389633639641188
410000 -0.343110909767088
411000 -0.310041096275776
412000 -0.343461859402537
413000 -0.277758826014647
414000 -0.286499106471
415000 -0.279754615079841
416000 -0.325116248978263
417000 -0.334756424463929
418000 -0.311065107846218
419000 -0.343483495818593
420000 -0.325910307990292
421000 -0.328836372069825
422000 -0.379849168006775
423000 -0.350649609748273
424000 -0.313410208352151
425000 -0.340155547861213
426000 -0.336103274564711
427000 -0.376149819018435
428000 -0.341037428771146
429000 -0.317010235652385
430000 -0.354138287087994
431000 -0.376815695221791
432000 -0.372565439613056
433000 -0.341076990752881
434000 -0.420748465012242
435000 -0.365307595714364
436000 -0.36953247853865
437000 -0.364167682021948
438000 -0.381001131083159
439000 -0.401048118859088
440000 -0.375490442918473
441000 -0.38288218625524
442000 -0.407564356532696
443000 -0.35534151716192
444000 -0.426208247217355
445000 -0.399409256797886
446000 -0.373349858692783
447000 -0.452540540009237
448000 -0.401831877584368
449000 -0.396309856270385
450000 -0.443212774608962
