#Timestep sxy 
100000 0.00476014526579556
101000 -0.0498461596072283
102000 -0.109341582712545
103000 -0.150659368304255
104000 -0.200843147639201
105000 -0.214649868161591
106000 -0.307288363625768
107000 -0.371456953391815
108000 -0.397470283732996
109000 -0.434318058858693
110000 -0.459878318547945
111000 -0.427666213695307
112000 -0.425590047106448
113000 -0.411874787617512
114000 -0.473738881758878
115000 -0.479109754165111
116000 -0.482724160504303
117000 -0.514649633135762
118000 -0.577173542239584
119000 -0.577557594197023
120000 -0.561229873534453
121000 -0.600562847162351
122000 -0.731777585739383
123000 -0.747154925142242
124000 -0.782886675501631
125000 -0.816290966682613
126000 -0.818770998261836
127000 -0.778204337886862
128000 -0.860956925029349
129000 -1.00256591008432
130000 -0.956483669016695
131000 -0.979047193384156
132000 -1.0510748921871
133000 -0.977789996663608
134000 -1.13552997634833
135000 -1.19999134707951
136000 -1.10765634587141
137000 -1.21620560063914
138000 -1.19284639697807
139000 -1.24933553749275
140000 -1.31212761753201
141000 -1.32701781350807
142000 -1.37051521001827
143000 -1.39713691488062
144000 -1.46138107296562
145000 -1.45446083545912
146000 -1.51813713913144
147000 -1.53676167177351
148000 -1.54853875121298
149000 -1.65273740706479
150000 -1.62435954981874
151000 -1.68679313902431
152000 -1.70221281750771
153000 -1.76095624278799
154000 -1.83137397411209
155000 -1.74003526115955
156000 -1.92114738688095
157000 -1.85712301234456
158000 -1.95398308262913
159000 -1.93264863764426
160000 -1.98416141300752
161000 -2.08117099988545
162000 -2.01787999743125
163000 -2.10047587165454
164000 -2.1167897861658
165000 -2.1648400556717
166000 -2.21509786257145
167000 -2.17402574426208
168000 -2.28670661215219
169000 -2.28082516675054
170000 -2.36534379283423
171000 -2.33005936938093
172000 -2.41355834997194
173000 -2.43469280775057
174000 -2.44621026862199
175000 -2.54646257659109
176000 -2.4908338656921
177000 -2.65272437868848
178000 -2.53773478437951
179000 -2.69561871375457
180000 -2.6202743200602
181000 -2.75334515248446
182000 -2.7247284702649
183000 -2.77407801154899
184000 -2.78505324857595
185000 -2.83694945041528
186000 -2.90976649726694
187000 -2.87462517949674
188000 -2.93736426166158
189000 -2.98802285162369
190000 -3.02799052028579
191000 -3.04014124251078
192000 -3.06566020058049
193000 -3.15273903051277
194000 -3.11952136170213
195000 -3.2242596544861
196000 -3.18168370807536
197000 -3.2618779077233
198000 -3.28885980502525
199000 -3.29433478838656
200000 -3.4205447585241
201000 -3.30501377584544
202000 -3.50425082362477
203000 -3.4033125619072
204000 -3.53362903715882
205000 -3.4808651347431
206000 -3.54286015973285
207000 -3.63520119811762
208000 -3.59703383662865
209000 -3.63971247058652
210000 -3.73171560956404
211000 -3.67382717614342
212000 -3.77590047889845
213000 -3.76030360239101
214000 -3.84599470545781
215000 -3.84640430358691
216000 -3.87784022028611
217000 -3.92445510022594
218000 -3.98047432343808
219000 -3.95371915296057
220000 -4.00711941017847
221000 -4.03119064135764
222000 -4.10940579714259
223000 -4.0984304905373
224000 -4.15474140094098
225000 -4.16760498082159
226000 -4.25095137251932
227000 -4.26863346380273
228000 -4.26059518963197
229000 -4.33068576760417
230000 -4.36578992568551
231000 -4.37959608532427
232000 -4.40348343748933
233000 -4.47622488934146
234000 -4.48200276486577
235000 -4.51241384632368
236000 -4.53982962748247
237000 -4.5951142848609
238000 -4.62579357814445
239000 -4.63939561222407
240000 -4.63965375819331
241000 -4.73992524952614
242000 -4.75316820747064
243000 -4.73270325473276
244000 -4.80543219880034
245000 -4.88616503299581
246000 -4.82634382756554
247000 -4.8881610113397
248000 -4.97223500597858
249000 -4.9543361750279
250000 -4.97872471480715
251000 -5.0487611741219
252000 -5.05826673734447
253000 -5.13661607962455
254000 -5.1858096199453
255000 -5.076924653714
256000 -5.18632806003349
257000 -5.28493166312269
258000 -5.25855229858759
259000 -5.24635852156207
260000 -5.41197081104072
261000 -5.35252093259376
262000 -5.34233958178389
263000 -5.43553929711772
264000 -5.51264914675368
265000 -5.46271604390815
266000 -5.5186794840011
267000 -5.59999583662636
268000 -5.53145044825391
269000 -5.59920889679377
270000 -5.73888017261248
271000 -5.67315532639007
272000 -5.60612499073545
273000 -5.7509106852266
274000 -5.83942019107385
275000 -5.74094039950122
276000 -5.75657496654115
277000 -5.89059764934037
278000 -5.91221204977625
279000 -5.88634489005059
280000 -5.92894907117396
281000 -6.01782155345415
282000 -6.02393288730876
283000 -6.03635527586522
284000 -6.08228037937144
285000 -6.13913989305556
286000 -6.13703453340184
287000 -6.19164262689759
288000 -6.24195528246264
289000 -6.23600193314157
290000 -6.25188586751196
291000 -6.29923361323871
292000 -6.33556157904513
293000 -6.33184703840658
294000 -6.34950762198272
295000 -6.40273525544361
296000 -6.4727175663472
297000 -6.4855147873612
298000 -6.47456343609585
299000 -6.51638947291709
300000 -6.60768680810737
301000 -6.62268147105428
302000 -6.63024859721058
303000 -6.60467898754184
304000 -6.66709543091591
305000 -6.73422827670525
306000 -6.77221166992092
307000 -6.78986252735077
308000 -6.78795792642828
309000 -6.81534987838045
310000 -6.8579592581353
311000 -6.89056348679264
312000 -6.93672551539986
313000 -6.98417790395452
314000 -6.94652816683665
315000 -6.99708032379826
316000 -7.04755170825785
317000 -7.11416197275981
318000 -7.11804406509934
319000 -7.09067978342341
320000 -7.10954290521034
321000 -7.1835783132078
322000 -7.2433842172407
323000 -7.28078088071144
324000 -7.25810188627788
325000 -7.274271792049
326000 -6.16532534535989
327000 0.33870051329072
328000 0.349477763920445
329000 -0.185230993233475
330000 -0.0707653517484072
331000 0.239515592310925
332000 -0.27684105401772
333000 -0.205593312332222
334000 -0.140753694358325
335000 -0.0896424046773576
336000 -0.11117242416332
337000 0.00455045269179918
338000 -0.223874199167708
339000 -0.178719282646242
340000 -0.0227459702906676
341000 -0.238144339683657
342000 -0.0261435679866576
343000 -0.130138695782931
344000 -0.106563385476287
345000 -0.0419202379597108
346000 -0.150359006112894
347000 -0.20591441066539
348000 -0.0601701257018653
349000 -0.153778695331141
350000 0.0448801444412028
351000 -0.170770674825321
352000 -0.00325384442136897
353000 -0.156769624446118
354000 0.0693711697104587
355000 -0.131500800887003
356000 -0.0837027653370085
357000 -0.108471260625731
358000 -0.0950073778554898
359000 -0.141460039266797
360000 -0.0989303512015085
361000 -0.0926523906093557
362000 -0.0691705005394481
363000 -0.0965397845433212
364000 -0.0297928098030153
365000 -0.061603036545294
366000 -0.0295866810446381
367000 -0.116218829379185
368000 -0.214109743058686
369000 -0.0795852640530118
370000 -0.178206542005575
371000 -0.127803162094832
372000 -0.103075698471829
373000 -0.141265234985469
374000 -0.043297715023471
375000 -0.0800323379252289
376000 -0.0645049174951237
377000 -0.151458725798283
378000 -0.0468742818691883
379000 -0.151614490135009
380000 0.0329685494450975
381000 -0.108462068092818
382000 -0.0152509059747502
383000 -0.157880708980602
384000 -0.126916092327644
385000 -0.168996211884269
386000 -0.0743591231841541
387000 -0.0750954450833037
388000 -0.0672498539170795
389000 -0.134290416303719
390000 -0.125576214824747
391000 -0.187608404742672
392000 -0.166351246245592
393000 -0.061231096842873
394000 -0.12024243717676
395000 -0.12139438798833
396000 -0.0351607915547645
397000 -0.0642421123326653
398000 -0.122146047997391
399000 -0.149258681256608
400000 -0.0741811005964677
401000 -0.0978010303153846
402000 -0.238278459999414
403000 -0.0816459607077696
404000 -0.121883705619516
405000 -0.180507606659249
406000 -0.0660761415725418
407000 -0.0963662655870337
408000 -0.107855813096026
409000 -0.128472227721721
410000 -0.0406053047846667
411000 -0.149970666595424
412000 -0.120413407610424
413000 -0.0210237538974853
414000 -0.126586190484105
415000 -0.0506457151954034
416000 -0.16988731471629
417000 -0.0201801091465904
418000 -0.131104398261896
419000 -0.0923267966902836
420000 -0.133522237420826
421000 -0.10840987748098
422000 -0.0893516541687675
423000 -0.125745285631867
424000 -0.201214636466402
425000 -0.159414593205021
426000 -0.060752257255451
427000 -0.127062631327666
428000 -0.124873879503599
429000 -0.124520703510156
430000 -0.114743966603899
431000 -0.0814782622854494
432000 -0.0582244414511
433000 -0.0636940549400592
434000 -0.0824311109494612
435000 -0.151973384095881
436000 -0.148944300106095
437000 -0.0940884121158145
438000 -0.119573635696238
439000 -0.0569183211391102
440000 -0.0902083252558436
441000 -0.0627040901937018
442000 -0.0851358474877638
443000 0.0673544280693804
444000 -0.042050797055488
445000 -0.132028403752347
446000 -0.0431616212983737
447000 -0.0332889013345204
448000 -0.125240381349168
449000 -0.125581122057561
450000 -0.0411692675279781
451000 -0.0753973854676957
452000 0.0442837766994969
453000 -0.0685350028888186
454000 -0.0580574387942902
455000 0.0890335087437686
456000 -0.0796403826083951
457000 0.0725822473600621
458000 -0.0388756105265125
459000 -0.0480818580620603
460000 -0.00637656015690975
461000 -0.0939916377345033
462000 -0.0133017134741063
463000 -0.0167437584756473
464000 -0.0335152753124668
465000 -0.0746120166250025
466000 -0.0349624350892039
467000 0.0636380534418165
468000 -0.00252719901883796
469000 -0.0362880759453221
470000 -0.0663866094449201
471000 -0.0482015233166297
472000 -0.0390647615301382
473000 -0.0680605878168404
474000 -0.0831354080695491
475000 0.036983753596136
476000 0.0541986555051483
477000 0.0025950179545869
478000 -0.104113876306707
479000 0.0997372996940012
480000 -0.0159727434032712
481000 0.00434203433855382
482000 0.00246845763962844
483000 0.00748422810473734
484000 -0.0743586616012229
485000 -0.0518571056908205
486000 -0.0236044444903101
487000 -0.0167856413986778
488000 -0.114036668070602
489000 0.0283794005695795
490000 -0.00676723991653447
491000 -0.0206685178953908
492000 0.023418323935029
493000 -0.055850757406924
494000 0.0182888806378373
495000 -0.0296042387149478
496000 0.0179987534777697
497000 -0.0989656504884369
498000 -0.0221277997286201
499000 -0.00387037521965152
500000 -0.0524124858259257
501000 -0.0613853847050788
502000 -0.012986613671956
503000 -0.0362157169777509
504000 -0.0931528801400724
505000 -0.0975201483933378
506000 -0.0503523976067734
507000 -0.071850109795885
508000 -0.0892832368767824
509000 -0.0668605869544717
510000 -0.105539646365532
511000 -0.0901544973920011
512000 0.0383211761905207
513000 0.00961400368192897
514000 -0.0324697783927709
515000 -0.0235624135700605
516000 -0.107153095236936
517000 -0.112259675686563
518000 0.00321147483249755
519000 -0.105317352277976
520000 -0.0763294730363049
521000 0.0164520293315509
522000 -0.0869101072935802
523000 -0.00365222361828824
524000 -0.128894254103709
525000 -0.0807886377816281
526000 -0.0379147962952453
527000 -0.141937891266864
528000 -0.0102998005036827
529000 -0.0631077382589751
530000 -0.0536021501269599
531000 -0.0071277742795998
532000 0.0720594532863076
533000 -0.0202846668670476
534000 0.10634322405544
535000 -0.0199353687970022
536000 0.0135609441953873
537000 -0.0524321466153166
538000 0.000316057500869811
539000 -0.0564759823322137
540000 -0.0623397858294643
541000 0.00621250586170417
542000 -0.0726182635727221
543000 -0.0662535550287593
544000 -0.00396614520393647
545000 -0.0991120936704909
546000 -0.0666624789259194
547000 -0.122916358058157
548000 -0.185155798506479
549000 -0.113260695500913
550000 -0.064972661660287
551000 -0.0909232904177558
552000 -0.113271217574113
553000 -0.0665273661757537
554000 -0.0901054879321212
555000 -0.100187392172207
556000 -0.123508042267657
557000 -0.0158496679789366
558000 -0.139436531514429
559000 -0.025472701002516
560000 -0.122049877181404
561000 -0.0940135877006214
562000 -0.0600346394926201
563000 -0.0938588478871078
564000 -0.125276754856718
565000 -0.153897116630637
566000 -0.167439253417882
567000 -0.00284305493694794
568000 -0.155293883608541
569000 -0.228471438455231
570000 -0.0720850499772493
571000 -0.0716278941144268
572000 -0.0209671674742743
573000 -0.110151997172822
574000 -0.0553258290282591
575000 -0.184438226644929
576000 -0.0142202750017738
577000 -0.058839138396233
578000 -0.13135549842262
579000 -0.0512858681783575
580000 -0.041347456744574
581000 -0.103248172996053
582000 -0.0699495930554916
583000 -0.0660594725774366
584000 -0.105768934698252
585000 -0.0388061256373384
586000 -0.0933425249486808
587000 -0.143731614845774
588000 -0.0993525132503403
589000 -0.189343279532895
590000 -0.0775503452524352
591000 -0.103695139413675
592000 -0.0556387073696807
593000 -0.085304903554705
594000 -0.133256659294768
595000 -0.0471885273630597
596000 -0.116764382674845
597000 -0.043268680310605
598000 0.0174060066693608
599000 -0.088740181733335
600000 -0.0222165240495873
601000 0.0129634317970989
602000 -0.102216182038715
603000 -0.0658685461058339
604000 -0.0728801276724442
605000 -0.0456162321336224
606000 -0.0941342959656001
607000 -0.131974202199814
608000 -0.0324831769469625
609000 -0.00689958139572044
610000 -0.040641598737894
611000 -0.0319491579539333
612000 -0.0906843207740678
613000 -0.044328651618059
614000 0.0171534705119374
615000 -0.0464087238149963
616000 0.0047120795396008
617000 0.0227720043481934
618000 -0.111299268930276
619000 0.0469312116347219
620000 -0.0732912376896739
621000 -0.0405318588802401
622000 0.0091700775578517
623000 -0.151919730942476
624000 -0.0780420216410295
625000 -0.129785888876323
626000 -0.0642450726761547
627000 -0.0337136784880072
628000 -0.0391784920878178
629000 -0.0686886422527624
630000 -0.131022502755766
631000 -0.12039550345413
632000 -0.0507262371369346
633000 -0.155874819479486
634000 -0.00641049439024856
635000 -0.0923042171941162
636000 -0.107081439620177
637000 -0.0981489077242285
638000 -0.0154943390104948
639000 -0.000582896395324971
640000 -0.0567352353661841
641000 -0.0250071909895939
642000 -0.120009058400249
643000 -0.0373357585606018
644000 -0.156001828897084
645000 -0.00617462199781571
646000 -0.00280775447878932
647000 -0.0247800536664451
648000 -0.114233918616727
649000 -0.0935631004310788
650000 -0.0433789256468095
651000 -0.0378519250550678
652000 0.00431791260495588
653000 -0.105780108740222
654000 0.0338405918123663
655000 0.00547781048384237
656000 -0.11642449716113
657000 -0.102020193620119
658000 -0.0349494964295909
659000 -0.0327833181132378
660000 -0.0227138491720866
661000 -0.185552413902052
662000 0.0751434152347444
663000 0.0139274052591717
664000 -0.0689582749802669
665000 -0.0110180086872347
666000 0.00998596190872236
667000 -0.015365362360784
668000 0.00391247389839065
669000 -0.10637473519352
670000 -0.0354895402050599
671000 -0.0882553823310874
672000 -0.0842088507876075
673000 0.0771693290482266
674000 -0.0263753722274303
675000 -0.124875486348906
676000 -0.138570678493065
677000 0.00215446723009863
678000 -0.0400574023815402
679000 0.0625315751822755
680000 -0.0534562802402571
681000 -0.0211448761511068
682000 -0.123081895173059
683000 -0.0505971446898489
684000 -0.074285367619675
685000 -0.0886554448667058
686000 -0.119485808515691
687000 -0.0492669551490286
688000 -0.0495589717018319
689000 -0.0627809265890883
690000 0.0137703673249451
691000 -0.0132070507867099
692000 -0.105226795654202
693000 0.0436411089965078
694000 -0.119836822885162
695000 -0.132581629530242
696000 -0.0787430805870172
697000 -0.0158507926373313
698000 -0.0369996024411017
699000 0.0325352807484324
700000 0.0946757060122374
701000 -0.0022011672636146
702000 0.0608445045080649
703000 -0.0857925099862546
704000 0.00330959081166327
705000 0.0325464384527386
706000 -0.100940802788908
707000 -0.120860834490598
708000 -0.0575144841967704
709000 -0.140471793086938
710000 -0.0759098878378279
711000 -0.032341474815778
712000 -0.138171722104612
713000 -0.0320866557793169
714000 -0.0876419959763583
715000 -0.00241871008901861
716000 -0.0788579433972242
717000 -0.00360504464928313
718000 -0.0418724269203989
719000 0.0154803094894425
720000 -0.0303967142329514
721000 -0.0779211695707542
722000 -0.0528455032505748
723000 -0.0544219726512795
724000 0.00310156077304236
725000 -0.00264777731533471
726000 -0.066704114351967
727000 -0.0223172698536622
728000 -0.0392631806271131
729000 -0.00226909010534875
730000 -0.0298160468629319
731000 -0.0396318836842706
732000 -0.0950104006398928
733000 -0.0487491746516875
734000 0.0220328898403235
735000 -0.117052262995175
736000 -0.0258595616661739
737000 0.0311510363272201
738000 -0.0486857775221651
739000 -0.0451615874092383
740000 0.0304370528704915
741000 0.00985446584015228
742000 0.0419396530412243
743000 -0.0524167554759916
744000 -0.0443418434090534
745000 0.012516298721047
746000 0.0145415789410026
747000 -0.153906934078398
748000 -0.0393861971488815
749000 -0.0494074831538794
750000 -0.106061162904498
751000 -0.118739942789706
752000 -0.105151731546081
753000 -0.0580943624951111
754000 0.0199752578819521
755000 -0.123262518286844
756000 -0.0956192145649996
757000 -0.0271444663995596
758000 0.0258128670705537
759000 -0.0823896705232027
760000 -0.0308791462520771
761000 -0.0187464316080869
762000 -0.0848475124842014
763000 -0.106218726052877
764000 -0.112427104561231
765000 -0.128164512138294
766000 -0.109027665583711
767000 -0.0310098687187977
768000 -0.018468038517279
769000 -0.123039436301199
770000 -0.0657436127889729
771000 -0.0773715886488917
772000 -0.0898716021758473
773000 -0.0546728188596879
774000 -0.0382548061601186
775000 -0.00840496983304898
776000 -0.0756728947623312
777000 -0.0406732120012971
778000 -0.0441320922116865
779000 -0.0020739874912077
780000 -0.0496711200832536
781000 -0.0807137077296353
782000 -0.102121993713165
783000 -0.0160341703095831
784000 -0.0860442157274643
785000 -0.0535527126451232
786000 -0.0675626353236261
787000 -0.0690841582861417
788000 -0.00561856379281121
789000 -0.0729173186521767
790000 -0.0281255496596053
791000 -0.0169475596470533
792000 -0.121722658621012
793000 -0.00371012801443656
794000 0.0272847631154589
795000 0.0100846662850275
796000 -0.0588011031059974
797000 -0.0517690272359934
798000 -0.106987877864424
799000 -0.182641661504831
800000 0.0450416523846417
801000 -0.0589153668905404
802000 -0.151266063604691
803000 -0.0845719185154666
804000 -0.0156119136783725
805000 -0.0171661319192603
806000 -0.0330727209951592
807000 -0.0861291614383393
808000 -0.156915043062704
809000 -0.0810056202865411
810000 -0.0918479471547373
811000 -0.209742252257061
812000 -0.120407491160312
813000 -0.0191408016816714
814000 -0.0625165019558351
815000 -0.128380791735085
816000 -0.156540396045454
817000 -0.0176464946350252
818000 -0.0556629226678129
819000 -0.0624931632705275
820000 0.0594731208685855
821000 -0.0620558286415993
822000 -0.0174415051323229
823000 -0.115664382503084
824000 0.0112484219501449
825000 -0.0326429875719552
826000 0.0247413056653737
827000 -0.0610782006630702
