#Timestep  sxy 
100000 -0.00378671632569197
101000 -0.0539042817792861
102000 -0.105232617745949
103000 -0.162239939546476
104000 -0.211508913004681
105000 -0.266021990464607
106000 -0.314953422018734
107000 -0.372609784098579
108000 -0.420401326102139
109000 -0.465460391909383
110000 -0.503410375664572
111000 -0.51903445179886
112000 -0.502213542042323
113000 -0.500969495179198
114000 -0.582012685910742
115000 -0.695095575697347
116000 -0.759962801087355
117000 -0.779522997853399
118000 -0.729147390680542
119000 -0.725671473612939
120000 -0.857739079967911
121000 -0.969476465853422
122000 -0.969731799637771
123000 -0.893307272428198
124000 -0.950401457465162
125000 -1.10545431149903
126000 -1.15118821134781
127000 -1.06575203421491
128000 -1.0869495375638
129000 -1.2625664717747
130000 -1.29437794415897
131000 -1.20307468151896
132000 -1.29250717842556
133000 -1.44130008220143
134000 -1.40066030778263
135000 -1.35461341980268
136000 -1.51443189076946
137000 -1.56765210017315
138000 -1.48782768452292
139000 -1.59196182567927
140000 -1.6950647001142
141000 -1.62907558576864
142000 -1.70695651650713
143000 -1.78929078706944
144000 -1.75600890036924
145000 -1.84847545868377
146000 -1.88341208292342
147000 -1.89613930811115
148000 -1.98504163636362
149000 -1.97340308712992
150000 -2.02498173580031
151000 -2.12536941531302
152000 -2.07098596867813
153000 -2.1498824054187
154000 -2.24842494066443
155000 -2.16856858343661
156000 -2.30822311602976
157000 -2.32273019410665
158000 -2.32043781586821
159000 -2.4239294287934
160000 -2.4033940643733
161000 -2.50501098867725
162000 -2.50926965213741
163000 -2.55694602908575
164000 -2.64884399908147
165000 -2.58307212770613
166000 -2.71491518236846
167000 -2.71633089665346
168000 -2.73814051656323
169000 -2.83207722698203
170000 -2.81036871649736
171000 -2.93468716205188
172000 -2.87817990027159
173000 -3.0111004553378
174000 -2.99309086682477
175000 -3.03418048129982
176000 -3.10117262215097
177000 -3.10023334500336
178000 -3.19329264767701
179000 -3.17986550698176
180000 -3.29905519188924
181000 -3.2540445105318
182000 -3.34916431451503
183000 -3.36418758608425
184000 -3.41058844593545
185000 -3.4641871872486
186000 -3.48203693452076
187000 -3.57028448907943
188000 -3.53330031032244
189000 -3.64952726144083
190000 -3.61574858382809
191000 -3.74109177349219
192000 -3.70005799476394
193000 -3.82822657032893
194000 -3.76338909158237
195000 -3.90496178096272
196000 -3.86590397092269
197000 -3.99824465506228
198000 -3.91853126991455
199000 -4.07353780097294
200000 -4.02973749229163
201000 -4.14605539528478
202000 -4.10812089629879
203000 -4.21917722442878
204000 -4.19931113259779
205000 -4.28993398289766
206000 -4.28356090442181
207000 -4.35910801799021
208000 -4.36898935324784
209000 -4.45216158719063
210000 -4.44892950824384
211000 -4.52016071096832
212000 -4.5474214800647
213000 -4.60309531710194
214000 -4.62159576939336
215000 -4.70252896278433
216000 -4.6897039612733
217000 -4.76793931426398
218000 -4.79084723454677
219000 -4.84754549046987
220000 -4.87724168966644
221000 -4.92768190028814
222000 -4.95930177249724
223000 -4.98555818974873
224000 -5.06572846046815
225000 -5.04852836992828
226000 -5.14876361132118
227000 -5.1608966428591
228000 -5.20431272738632
229000 -5.25113252187198
230000 -5.27294036835026
231000 -5.34699328434855
232000 -5.34644035292265
233000 -5.42754387786432
234000 -5.43126142662174
235000 -5.50220182777756
236000 -5.52580312298813
237000 -5.5630281237812
238000 -5.62661049146637
239000 -5.63462555026982
240000 -5.70103793213047
241000 -5.73593882644823
242000 -5.75859171368733
243000 -5.82095470148979
244000 -5.83191396972957
245000 -5.89983822229655
246000 -5.93283739316072
247000 -5.94836818832638
248000 -6.0347497616807
249000 -6.02844515057829
250000 -6.10921605912378
251000 -6.12248182591852
252000 -6.15295117931073
253000 -6.2327137160067
254000 -6.22587031553502
255000 -6.29937543228411
256000 -6.32490866205327
257000 -6.3592274712067
258000 -6.42281956535454
259000 -6.43392157778992
260000 -6.49136360627869
261000 -6.52984022187705
262000 -6.55478657637126
263000 -6.60634561304416
264000 -6.64995386976545
265000 -6.66612704319475
266000 -6.73732887959365
267000 -6.75985887757833
268000 -6.79293703329077
269000 -6.84968028913561
270000 -6.8728153142224
271000 -6.91893692439934
272000 -6.9637793567117
273000 -6.98193539535092
274000 -7.03739932231468
275000 -7.07601881559268
276000 -7.09969260161724
277000 -7.15743709803433
278000 -7.19017383113687
279000 -7.22745428080231
280000 -7.28285211473843
281000 -7.29463538979845
282000 -7.3437332147088
283000 -7.40131394788547
284000 -7.4029210814696
285000 -7.4544776816813
286000 -7.50168943950094
287000 -7.53051278794223
288000 -7.58284720231056
289000 -7.60385162758402
290000 -7.63505503628275
291000 -7.69382744256068
292000 -7.72246410279504
293000 -7.76029898675639
294000 -7.80221585839248
295000 -7.83858924282487
296000 -7.87316513526435
297000 -7.89436465024404
298000 -7.93803499166423
299000 -7.99618547952135
300000 -8.02123607414727
301000 -8.06234402422554
302000 -8.09886572084852
303000 -8.14103450226325
304000 -8.16418007064158
305000 -8.19093171631264
306000 -8.20329515450181
307000 -8.2255543762393
308000 -8.26012404041078
309000 -8.26254568852403
310000 -8.28841398840316
311000 -8.29126810350368
312000 -8.30235756156027
313000 -8.30757201686487
314000 -8.31845779264496
315000 -8.3658959500855
316000 -8.39229832727922
317000 -8.41814983794232
318000 -8.42743195297365
319000 -8.44495230746942
320000 -8.47905038605263
321000 -8.48323815223444
322000 -8.50007132553048
323000 -8.51647590218988
324000 -8.56753693665521
325000 -8.61306395532448
326000 -8.65631337026472
327000 -8.67630159064221
328000 -8.68867169288468
329000 -8.72837888962289
330000 -8.76622138869798
331000 -8.82544841843595
332000 -8.84783284649203
333000 -8.87330371433997
334000 -8.88549296011079
335000 -8.90199994766506
336000 -8.94534581280744
337000 -8.99058935080812
338000 -9.03476305449237
339000 -9.04337424061741
340000 -9.05656811945347
341000 -9.09783816063612
342000 -9.16526974359425
343000 -9.21534665900208
344000 -9.20971198891388
345000 -9.22803874705898
346000 -9.25306499156565
347000 -9.3031768644969
348000 -9.35772348402917
349000 -9.3634155325953
350000 -9.39900674873384
351000 -9.43078500931827
352000 -9.4728880697034
353000 -9.50692024067328
354000 -9.53031210807963
355000 -9.55711968680347
356000 -9.59320412699344
357000 -9.62382335732947
358000 -9.64430869494887
359000 -9.65634914060604
360000 -9.72089047043225
361000 -9.74764503647066
362000 -9.76624552458608
363000 -9.77909354583464
364000 -9.84513714475058
365000 -9.85333648696964
366000 -4.0178078418317
367000 -0.00320706934128534
368000 -0.410129354819668
369000 -0.202369715408257
370000 -0.0815430336715839
371000 -0.208063667953889
372000 0.0432421109395824
373000 -0.104786337432532
374000 0.0317020510701508
375000 -0.000677468596273868
376000 -0.0641374217980103
377000 0.114262168156053
378000 -0.196504048433361
379000 -0.0316578364557707
380000 -0.00481171793860827
381000 -0.0529082625355718
382000 -0.0500891019590011
383000 -0.158253789689838
384000 -0.0981077323538719
385000 -0.107951908738602
386000 -0.0216822064292362
387000 -0.161971197151264
388000 -0.0721166039193352
389000 -0.234120013530508
390000 -0.0407043196300738
391000 -0.200922543621829
392000 -0.112173978774139
393000 -0.10890607472144
394000 -0.235710021357917
395000 -0.160633038292821
396000 -0.136627387295321
397000 -0.17471526656975
398000 -0.160470917740842
399000 -0.17743118078676
400000 -0.212766197339761
