#Timestep sxy 
100000 -2.04540228390746e-05
101000 -0.0541672169309298
102000 -0.108361622485809
103000 -0.162514128654118
104000 -0.216621552979092
105000 -0.270743909059187
106000 -0.32496352697267
107000 -0.379130676814523
108000 -0.433342791239276
109000 -0.487222755293462
110000 -0.540941877253365
111000 -0.594180601479203
112000 -0.645490409090161
113000 -0.689922270575291
114000 -0.712417497528998
115000 -0.689368647680975
116000 -0.623894809391403
117000 -0.642944257657974
118000 -0.79807091787067
119000 -0.920987836459123
120000 -0.963094547082109
121000 -0.91753998867371
122000 -0.84287521704804
123000 -0.934266914675507
124000 -1.09366209794758
125000 -1.15057864233549
126000 -1.08798864315858
127000 -1.0435959843261
128000 -1.19383009696331
129000 -1.31000228571993
130000 -1.27190306068893
131000 -1.2142303716175
132000 -1.34835947659562
133000 -1.45938578300911
134000 -1.40870793650792
135000 -1.39120202005844
136000 -1.54378900234395
137000 -1.59037024303416
138000 -1.52362111564631
139000 -1.61261653766046
140000 -1.72570046337578
141000 -1.67680660685143
142000 -1.70538499486977
143000 -1.83903151811144
144000 -1.81698643849226
145000 -1.8203472737878
146000 -1.95357396272226
147000 -1.94235068604262
148000 -1.94791305994396
149000 -2.07371439904909
150000 -2.05591641464038
151000 -2.08280085984912
152000 -2.19417169110903
153000 -2.16249513807469
154000 -2.22688467471258
155000 -2.30536183447297
156000 -2.27281683176025
157000 -2.37633369250958
158000 -2.39985553776907
159000 -2.40616022536662
160000 -2.51282882217202
161000 -2.48997165146587
162000 -2.56493270841467
163000 -2.61498505507735
164000 -2.60898080023913
165000 -2.71486065816914
166000 -2.69731148130251
167000 -2.77285506617382
168000 -2.81210577095022
169000 -2.82379254288736
170000 -2.91520214487026
171000 -2.89806746959847
172000 -2.99156914225495
173000 -2.99734591383329
174000 -3.05192910605689
175000 -3.1021975244299
176000 -3.11440108560267
177000 -3.19898228943051
178000 -3.1892393503219
179000 -3.28282854911341
180000 -3.2773277218571
181000 -3.35712438430313
182000 -3.37240392655921
183000 -3.42679554460425
184000 -3.46782697973721
185000 -3.49784191228018
186000 -3.56011181294675
187000 -3.57160777752864
188000 -3.64818561831244
189000 -3.64920391690341
190000 -3.73289617556522
191000 -3.72940415604406
192000 -3.81585628935316
193000 -3.8134261918044
194000 -3.89785067049373
195000 -3.89733422788002
196000 -3.98077399224888
197000 -3.98105560455974
198000 -4.06194797740555
199000 -4.06340365615944
200000 -4.14315999596603
201000 -4.14632368032011
202000 -4.22532487594084
203000 -4.22987990993438
204000 -4.30911610797959
205000 -4.31366568375123
206000 -4.39078772530322
207000 -4.39566217380665
208000 -4.47084001595492
209000 -4.48038462348907
210000 -4.55182753653933
211000 -4.56733667890142
212000 -4.62960130161168
213000 -4.65401540618075
214000 -4.70540373095803
215000 -4.74366230134679
216000 -4.78169134040774
217000 -4.83379177147065
218000 -4.85661315354545
219000 -4.91964909621763
220000 -4.93580634422239
221000 -5.00426984190695
222000 -5.01989980489186
223000 -5.08061663521807
224000 -5.10859512180346
225000 -5.15518806229335
226000 -5.2015156281303
227000 -5.22744771538702
228000 -5.28870686902864
229000 -5.30620444190967
230000 -5.37246624752565
231000 -5.3917732966945
232000 -5.44463218610503
233000 -5.4847476171704
234000 -5.51691589585384
235000 -5.57460125041086
236000 -5.59183897819075
237000 -5.65894833218501
238000 -5.6777928297346
239000 -5.72959121341837
240000 -5.77287410936428
241000 -5.79978883842632
242000 -5.86067986472085
243000 -5.87992212267242
244000 -5.93814571418625
245000 -5.97053662547876
246000 -6.00653735440404
247000 -6.06418534447367
248000 -6.08039397046669
249000 -6.14320121455959
250000 -6.17169646901052
251000 -6.20929411507598
252000 -6.26573030968831
253000 -6.28367793035479
254000 -6.34285290536892
255000 -6.37588237195951
256000 -6.40859390170237
257000 -6.4674855645038
258000 -6.48593780352248
259000 -6.54089138932227
260000 -6.57894082570848
261000 -6.60842452318527
262000 -6.66667388911831
263000 -6.68976524012075
264000 -6.73656840734226
265000 -6.78268986985011
266000 -6.80770591556575
267000 -6.86369526091242
268000 -6.89491507238273
269000 -6.93207113723112
270000 -6.98257611313112
271000 -7.01124036273347
272000 -7.05367852574525
273000 -7.10104157622149
274000 -7.1265505312865
275000 -7.17744484241025
276000 -7.21412595246022
277000 -7.24664412021117
278000 -7.29634428336353
279000 -7.33105309207468
280000 -7.36531472507857
281000 -7.41746678710935
282000 -7.44489721409863
283000 -7.48764233650668
284000 -7.53286423950117
285000 -7.56116969508606
286000 -7.60533395562179
287000 -7.64907954630898
288000 -7.67695121181867
289000 -7.72298193131916
290000 -7.76538527758986
291000 -7.79187754953355
292000 -7.84295828739317
293000 -7.87920300149573
294000 -7.90828026540284
295000 -7.95943073314714
296000 -7.99210986369985
297000 -8.02402464524012
298000 -8.0757345108802
299000 -8.10553574725723
300000 -8.14108412719268
301000 -8.18995374916393
302000 -8.21979380271405
303000 -8.25492737896278
304000 -8.3037364127203
305000 -8.33369430221558
306000 -8.36827773044651
307000 -8.41809159481016
308000 -8.44793592099825
309000 -8.4805154435168
310000 -8.52946667662603
311000 -8.5615407338547
312000 -8.59270869448411
313000 -8.63798844982377
314000 -8.66908346215044
315000 -8.68956190728889
316000 -8.71227423176609
317000 -8.73419057594312
318000 -8.75846649650679
319000 -8.78973628236356
320000 -8.8234414829309
321000 -8.84791859281915
322000 -8.84882695357609
323000 -8.8356495947681
324000 -8.82688655323967
325000 -8.82025432428154
326000 -8.81440083514929
327000 -8.81394842765198
328000 -8.82291172390428
329000 -8.84649386710351
330000 -8.88101910947869
331000 -8.92496086515172
332000 -8.97946236593344
333000 -9.03405819780248
334000 -9.05569813171767
335000 -9.06706602628864
336000 -9.08480031445522
337000 -9.11145787567568
338000 -9.14886977946309
339000 -9.19687682604456
340000 -9.25399577726844
341000 -9.30579805706742
342000 -9.33705164707015
343000 -9.35027536795139
344000 -9.35436547862991
345000 -9.37593036431772
346000 -9.40734863435093
347000 -9.44841186254611
348000 -9.49780021141332
349000 -9.54183048513806
350000 -9.54397557140577
351000 -9.566258264487
352000 -9.59744940253848
353000 -9.64292774289432
354000 -9.68723752346657
355000 -9.70792163289645
356000 -9.72559345735633
357000 -9.75475927409532
358000 -9.79544396525617
359000 -9.84330960485448
360000 -9.86899902108492
361000 -9.88785642143787
362000 -9.91506982635339
363000 -9.95209074073342
364000 -9.99603053343789
365000 -10.0330912505464
366000 -10.0484090787381
367000 -10.0726071761464
368000 -10.1053984190396
369000 -10.1477215394906
370000 -10.1764069486644
371000 -10.1976722495042
372000 -10.2233309143042
373000 -10.2600384345329
374000 -10.2966089300856
375000 -10.3204462873207
376000 -10.3435282339064
377000 -10.375889261877
378000 -10.4124985288905
379000 -10.44273108711
380000 -10.4689516170808
381000 -10.4988481526157
382000 -10.5337866148922
383000 -10.5700849188406
384000 -10.5965750907985
385000 -10.6223980795466
386000 -10.6556121507535
387000 -10.6904389681822
388000 -10.7159631296965
389000 -10.7411736419133
390000 -10.7707908596353
391000 -10.8052254194224
392000 -10.8343453118031
393000 -10.8585845295585
394000 -10.88821881338
395000 -10.9229267162519
396000 -10.9518178901501
397000 -10.9773377337049
398000 -11.007302026903
399000 -11.0393038302576
400000 -11.0674059884398
401000 -11.0932803925523
402000 -11.118607358888
403000 -11.1463458742765
404000 -11.1750395518927
405000 -11.1986876442829
406000 -11.2247357118433
407000 -11.2548906343391
408000 -11.2830327192965
409000 -11.3079679014827
410000 -11.3380094594948
411000 -11.3658219481006
412000 -11.3896138051814
413000 -11.4161762572491
414000 -11.4462773259293
415000 -11.4714247917301
416000 -11.5002084583413
417000 -11.5279030870657
418000 -11.5524545125244
419000 -11.5813942051385
420000 -11.6095110781694
421000 -11.63550815477
422000 -11.6637630504451
423000 -11.6915596584608
424000 -11.7153212714268
425000 -11.74349753058
426000 -11.769076490885
427000 -11.7930075423276
428000 -11.8210098754826
429000 -11.8465715214052
430000 -11.8689048488454
431000 -11.897302919546
432000 -11.9211682363988
433000 -11.9449798300777
434000 -11.9700296619499
435000 -11.993205117631
436000 -12.0154851294999
437000 -12.0434127129649
438000 -12.0641213022518
439000 -12.0891790123743
440000 -12.1137702881446
441000 -12.1354022055408
442000 -12.1597721778996
443000 -12.1832238673572
444000 -12.2055257016539
445000 -12.229087183059
446000 -12.2534811734075
447000 -12.2744280723893
448000 -12.2977709532167
449000 -12.3184151920222
450000 -12.3397546176764
451000 -12.3650222092594
452000 -12.3853755786684
453000 -12.4060972920991
454000 -12.4262015508604
455000 -12.4486288437187
456000 -12.4698273873293
457000 -12.4908546286922
458000 -12.5121498325446
459000 -12.5325312949719
460000 -12.5518534806333
461000 -12.5729500272702
462000 -12.5911843190138
463000 -12.6125059290958
464000 -12.6301913011548
465000 -12.6470799673116
466000 -12.6685017404244
467000 -12.6866111892593
468000 -12.701278589598
469000 -12.7225898205386
470000 -12.7361191701101
471000 -8.26327303956893
472000 -1.71591969262227
473000 -0.781709670184977
474000 -0.575464697853569
475000 -0.458896123312484
476000 -0.457633835451803
477000 -0.455192299836109
478000 -0.433382889674059
479000 -0.420723682035651
480000 -0.418541047664026
481000 -0.420942365936485
482000 -0.436726294435692
483000 -0.437969137816103
484000 -0.43209570987752
485000 -0.440682372134029
486000 -0.404793592843794
487000 -0.385431262410837
488000 -0.397200651018725
489000 -0.40838883265773
490000 -0.405090568800113
491000 -0.407160385601257
492000 -0.408353090808406
493000 -0.412634347762893
494000 -0.415551564824161
495000 -0.42548471623067
496000 -0.434322384744139
497000 -0.408405755444378
498000 -0.369204442865809
499000 -0.358282384843734
500000 -0.347163568475459
501000 -0.369756311231015
502000 -0.366549198981861
503000 -0.343178938593458
504000 -0.324885538704151
505000 -0.353070616947181
506000 -0.351675543597349
507000 -0.375842173389606
508000 -0.344339179481561
509000 -0.337974346392576
510000 -0.338964855844216
511000 -0.32522108677913
512000 -0.317417640586078
513000 -0.305117844076842
514000 -0.315289290085327
515000 -0.328702744735432
516000 -0.299037416648367
517000 -0.30631844843351
518000 -0.299582989366042
519000 -0.307661336321265
520000 -0.315611358264202
521000 -0.314380691997331
522000 -0.31945421738715
523000 -0.319093621364943
524000 -0.326741927398971
525000 -0.333846354435028
526000 -0.332960777440586
527000 -0.336579158226723
528000 -0.339049950592276
529000 -0.346178009329652
530000 -0.350149313152081
531000 -0.354632571093306
532000 -0.356752601183359
533000 -0.357781287960698
534000 -0.365183318155865
535000 -0.367001169607403
536000 -0.372663067960875
537000 -0.37843729968308
538000 -0.380144040285188
539000 -0.382554766852443
540000 -0.390054631048965
541000 -0.393411442255083
542000 -0.395657333748315
543000 -0.390749397874482
544000 -0.383843871326048
545000 -0.391479484158927
546000 -0.396298378501489
547000 -0.396838678387888
548000 -0.407493347885579
549000 -0.409012306189135
550000 -0.414850239099431
551000 -0.419591923802558
552000 -0.420090475584539
553000 -0.426002309042329
554000 -0.429414153167799
555000 -0.432306471199492
556000 -0.438268200597956
557000 -0.44461820921819
558000 -0.449068689393238
559000 -0.450684703159184
560000 -0.456965472193448
561000 -0.462117972352156
562000 -0.466557415551075
563000 -0.471994019862733
564000 -0.474871639306576
565000 -0.478723745158013
566000 -0.482841256422914
567000 -0.487329013809378
568000 -0.490683507626953
569000 -0.403507132225934
570000 -0.390884599531946
571000 -0.357170921378748
572000 -0.349763531471347
573000 -0.32223459674078
574000 -0.29084947841151
575000 -0.286339558904419
576000 -0.282522792375595
577000 -0.289431280895572
578000 -0.303438077437796
579000 -0.298392620313892
580000 -0.302080501262804
581000 -0.293292218384343
582000 -0.293541891734905
583000 -0.303217836857077
584000 -0.306127978353173
585000 -0.304076774415398
586000 -0.306963511007459
587000 -0.305148064525509
588000 -0.304809221860763
589000 -0.31339487465952
590000 -0.31388717621786
591000 -0.291841528102371
592000 -0.24323232371505
593000 -0.252833105843232
594000 -0.252744121903348
595000 -0.250265535779045
596000 -0.261934062049891
597000 -0.249260298105899
598000 -0.258933242664461
599000 -0.249028299180578
600000 -0.242085593115496
601000 -0.262972091583061
602000 -0.256193327513836
603000 -0.259013071560188
604000 -0.257060609986384
605000 -0.250434671508184
606000 -0.255157136855477
607000 -0.265406264712007
608000 -0.270077720099305
609000 -0.270244380979659
610000 -0.272216467990616
611000 -0.273773072639078
612000 -0.275031095046372
613000 -0.277028337647283
614000 -0.278817749118054
615000 -0.276203106446005
616000 -0.277130119992836
617000 -0.280860799940352
618000 -0.283274640487834
619000 -0.284822897574278
620000 -0.288031826982428
621000 -0.291195299818978
622000 -0.292826227131105
623000 -0.293257042571936
624000 -0.29723265550897
625000 -0.300256352082243
626000 -0.300604196526489
627000 -0.301836965709114
628000 -0.306499426670818
629000 -0.307618894407371
630000 -0.306216531030914
631000 -0.279501492289179
632000 -0.275177705476992
633000 -0.287588044047641
634000 -0.299104553230475
635000 -0.297454821885455
636000 -0.304107391496402
637000 -0.302119949860512
638000 -0.310653189883849
639000 -0.314494902277367
640000 -0.317751165765067
641000 -0.312074290498951
642000 -0.310210894443317
643000 -0.318156938164177
644000 -0.315642362255098
645000 -0.322512993811095
646000 -0.329451130534198
647000 -0.328803327260517
648000 -0.330662317217596
649000 -0.334410409947456
650000 -0.33656086017864
651000 -0.337977527914693
652000 -0.336290331459824
653000 -0.301599492107495
654000 -0.296881101398596
655000 -0.304919441993503
656000 -0.303496980477842
657000 -0.310025674938033
658000 -0.315124256140011
659000 -0.320324656290069
660000 -0.326568038878709
661000 -0.322758127643295
662000 -0.325488651591438
663000 -0.328795635728563
664000 -0.323896920741883
665000 -0.329103474364362
666000 -0.333367859565928
667000 -0.333773320833688
668000 -0.335030097255764
669000 -0.338390023546174
670000 -0.341016140361462
671000 -0.328697218849677
672000 -0.334298929711776
673000 -0.336530288121995
674000 -0.342287231429268
675000 -0.345474348334017
676000 -0.345156015631472
677000 -0.327238283237556
678000 -0.316852330607537
679000 -0.323475161711174
680000 -0.326191960797456
681000 -0.329218325547316
682000 -0.331109333129275
683000 -0.334924126751144
684000 -0.332261749067297
685000 -0.335927150580224
686000 -0.340347699866233
687000 -0.343190971522363
688000 -0.345844189739884
689000 -0.348025176897405
690000 -0.350408656200179
691000 -0.35288722189906
692000 -0.353929836304393
693000 -0.358088227013085
694000 -0.360286151152501
695000 -0.359854010057693
696000 -0.364258899140097
697000 -0.367015558523189
698000 -0.365685343127305
699000 -0.3686659973192
700000 -0.373743280734839
701000 -0.37360061108504
702000 -0.377255635688188
703000 -0.379910570107921
704000 -0.381972910117183
705000 -0.384030286710891
706000 -0.385403786231883
707000 -0.39039221574555
708000 -0.37475448675591
709000 -0.378938715728438
710000 -0.376011654116809
711000 -0.384174789993749
712000 -0.376956661699372
713000 -0.387469455850969
714000 -0.385540466509484
715000 -0.390835760998545
716000 -0.393501096039014
717000 -0.397624461429513
718000 -0.399399611842286
719000 -0.401407748528438
720000 -0.402498039523336
721000 -0.408104397604589
722000 -0.410249443366388
723000 -0.412441423205378
724000 -0.416251017182981
725000 -0.417896494802446
726000 -0.419710886650709
727000 -0.424629188004281
728000 -0.415194578547523
729000 -0.425722038258023
730000 -0.425833013494524
731000 -0.426678574420379
732000 -0.427538212259615
733000 -0.430659465732155
734000 -0.436631709209296
735000 -0.442958937459237
736000 -0.441122302290417
737000 -0.448233085991718
738000 -0.452256574056773
739000 -0.453377188646998
740000 -0.454862551630896
741000 -0.457866274946792
742000 -0.418947602143261
743000 -0.349661642142742
744000 -0.340709226224982
745000 -0.293590453845914
746000 -0.280145697389632
747000 -0.257205157789845
748000 -0.256754828920543
749000 -0.232479406638451
750000 -0.219046521068775
751000 -0.216419802445084
752000 -0.217194302421069
753000 -0.229970085407578
754000 -0.233882266520648
755000 -0.228743086162896
756000 -0.214738595825481
757000 -0.194664813264803
758000 -0.178654404977794
759000 -0.172835091532185
760000 -0.156710120218323
761000 -0.16101193071395
762000 -0.158780842301717
763000 -0.162026738875703
764000 -0.163145792465161
765000 -0.160097079501496
766000 -0.159460569845384
767000 -0.164558203170793
768000 -0.151420322323612
769000 -0.145732566979868
770000 -0.158574099412416
771000 -0.15979612016444
772000 -0.157929010602482
773000 -0.152001174137258
774000 -0.161431432323668
775000 -0.157663261256719
776000 -0.157603456114718
777000 -0.154821741067037
778000 -0.153799654434842
779000 -0.161719538485019
780000 -0.164136625663019
781000 -0.163577193430209
782000 -0.16665183119795
783000 -0.173389011086364
784000 -0.166591398301547
785000 -0.174149445710219
786000 -0.177061602546634
787000 -0.177607511941929
788000 -0.176290160168962
789000 -0.181667830690268
790000 -0.182433024757272
791000 -0.183402159342345
792000 -0.186369750330472
793000 -0.190117495746189
794000 -0.185005697013583
795000 -0.189865562514027
796000 -0.191771755407048
797000 -0.192816806950188
798000 -0.192527486495449
799000 -0.151169166427474
800000 -0.148345527923349
801000 -0.135802892101337
802000 -0.148565191270206
803000 -0.150878156866253
804000 -0.149102418314568
805000 -0.152562907465427
806000 -0.153980562390576
807000 -0.164678613090291
808000 -0.160361812675777
809000 -0.166279696757039
810000 -0.169482015108303
811000 -0.164558354087368
812000 -0.168515239054187
813000 -0.170681256707398
814000 -0.171227391129746
815000 -0.174855582866421
816000 -0.175838960867288
817000 -0.180953786908823
818000 -0.178825084117484
819000 -0.183040579966843
820000 -0.184898254302342
821000 -0.185209940094017
822000 -0.191390965641587
823000 -0.191674076286808
824000 -0.192482496513338
825000 -0.195328567500812
826000 -0.198732959252884
827000 -0.198781588062839
828000 -0.203338783522309
829000 -0.203865882979491
830000 -0.204819563691485
831000 -0.211880845205817
832000 -0.210982359183781
833000 -0.213495495890692
834000 -0.215763028317853
835000 -0.21899016468296
836000 -0.220876904197287
837000 -0.225830200928706
838000 -0.22537658859309
839000 -0.225427597121895
840000 -0.22936695274418
841000 -0.233060019141212
842000 -0.237537568169831
843000 -0.237343398525489
844000 -0.237559593437852
845000 -0.242624245386314
846000 -0.245004234527915
847000 -0.250935165585356
848000 -0.25383815425443
849000 -0.252546778406233
850000 -0.254279150119388
851000 -0.259178734079912
852000 -0.262629459271352
853000 -0.26407876674527
854000 -0.264902310099399
855000 -0.266325625524156
856000 -0.269812309345494
857000 -0.272846499018183
858000 -0.267116553886086
859000 -0.267147527760168
860000 -0.26687932899935
861000 -0.271419514305887
862000 -0.270776166938865
863000 -0.285796939993684
864000 -0.281770050030892
865000 -0.282042439826872
866000 -0.288107315063486
867000 -0.293680160992903
868000 -0.295495742686095
869000 -0.294847210752724
870000 -0.295926347198535
871000 -0.298329242119576
872000 -0.302852502792913
873000 -0.304260008897949
874000 -0.309529820102847
875000 -0.308668132718992
876000 -0.314100595793061
877000 -0.317319793559576
878000 -0.320475853863598
879000 -0.302214387595506
880000 -0.256246495599821
881000 -0.260221179149056
882000 -0.271533584590945
883000 -0.271798731148504
884000 -0.284676946322853
885000 -0.273022018425145
886000 -0.280792912546675
887000 -0.295333306842296
888000 -0.29301519656795
889000 -0.289743996754205
890000 -0.299707548345818
891000 -0.2878982166139
892000 -0.296112497127864
893000 -0.302148558827811
894000 -0.306751916135606
895000 -0.304550809178329
896000 -0.307369210099794
897000 -0.314680052327744
898000 -0.317836127875737
899000 -0.316304620777147
900000 -0.319664810949295
901000 -0.327369421970689
902000 -0.330410742020163
903000 -0.330291918824437
904000 -0.335295807546528
905000 -0.335796263373514
906000 -0.341200313343244
907000 -0.344426652043504
908000 -0.347642340251556
909000 -0.348327079698205
910000 -0.349342010346232
911000 -0.353427432763823
912000 -0.359338788586148
913000 -0.361271833587232
914000 -0.365273146323145
915000 -0.36680701603609
916000 -0.373901084121787
917000 -0.37678686476871
918000 -0.378937978633036
919000 -0.366993606379339
920000 -0.374482496757003
921000 -0.375703144537396
922000 -0.383914214592742
923000 -0.255470981879269
924000 -0.194298738829391
925000 -0.167070094402317
926000 -0.148338713377211
927000 -0.127419891431639
928000 -0.125245421400232
929000 -0.123423563806029
930000 -0.121988679222639
931000 -0.114389011246215
932000 -0.117161018978531
933000 -0.121313758069381
934000 -0.115330740634099
935000 -0.113052739941578
936000 -0.114218918976295
937000 -0.114531057576426
938000 -0.117439189990419
939000 -0.111208500233027
940000 -0.121216250055017
941000 -0.119386749276047
942000 -0.119752250684169
943000 -0.121450331539097
944000 -0.123422658084071
945000 -0.125441671416062
946000 -0.124832676961582
947000 -0.12496217304112
948000 -0.127384294512494
949000 -0.128812584551289
950000 -0.129058319957835
951000 -0.12794820790898
952000 -0.136701868732884
953000 -0.131614877589004
954000 -0.125802628179556
955000 -0.125626881185939
956000 -0.126794237254915
957000 -0.132411629751151
958000 -0.131760983341584
959000 -0.134285395298007
960000 -0.133549151851346
961000 -0.136643820175607
962000 -0.136905751622138
963000 -0.138777791466034
964000 -0.140592273296599
965000 -0.142966958036482
966000 -0.144432167483172
967000 -0.144333785747514
968000 -0.147118036912235
969000 -0.14876683955632
970000 -0.14933431622497
971000 -0.151127073369502
972000 -0.153897026483739
973000 -0.154865684413457
974000 -0.155133919506952
975000 -0.157936636174801
976000 -0.15963990445433
977000 -0.160602024346789
978000 -0.161638107679202
979000 -0.164424479508271
980000 -0.165280856329762
981000 -0.16682632094749
982000 -0.167709732387064
983000 -0.169831201291937
984000 -0.169366862622937
985000 -0.171193132653799
986000 -0.175060762350858
987000 -0.175687189240893
988000 -0.177612253004529
989000 -0.179331092790745
990000 -0.164663549258732
991000 -0.1634305303056
992000 -0.167820999347224
993000 -0.171399184520165
994000 -0.172743118712332
995000 -0.180872031230072
996000 -0.180545785736506
997000 -0.186948318150921
998000 -0.181876033679152
999000 -0.188837262125633
1000000 -0.190250849539805
1001000 -0.190223501718115
1002000 -0.194405552438962
1003000 -0.197626290408127
1004000 -0.195237840711613
1005000 -0.198502266991132
1006000 -0.203026508681272
1007000 -0.200991652599028
1008000 -0.203583568035356
1009000 -0.208084426118932
1010000 -0.209528106969073
1011000 -0.211835752087098
1012000 -0.213675004660676
1013000 -0.216129951201241
1014000 -0.219850480837218
1015000 -0.219493049796199
1016000 -0.222789909996003
1017000 -0.224817666205673
1018000 -0.215310744523274
1019000 -0.218802320181587
1020000 -0.212459242519427
1021000 -0.21939942426178
1022000 -0.233405125059524
1023000 -0.228059638499999
1024000 -0.221962857870738
1025000 -0.231719554236449
1026000 -0.23274630635631
1027000 -0.229908200182242
1028000 -0.227133701605073
1029000 -0.227352280908292
1030000 -0.235577375033771
1031000 -0.234096567122136
1032000 -0.230495435572029
1033000 -0.236993392138452
1034000 -0.210727454335221
1035000 -0.218307886101251
1036000 -0.223981075355149
1037000 -0.229578553624942
1038000 -0.239144585557444
1039000 -0.230872244288772
1040000 -0.233366607261872
1041000 -0.242889442835862
1042000 -0.240140604287896
1043000 -0.246694123522126
1044000 -0.249850445548563
1045000 -0.249349075966222
1046000 -0.252235928856105
1047000 -0.256863478912973
1048000 -0.258224469180662
1049000 -0.260827410307917
1050000 -0.263368153910044
1051000 -0.26834019923917
1052000 -0.266934727816623
1053000 -0.273413787634253
1054000 -0.278644286928242
1055000 -0.279137838670336
1056000 -0.278767706116297
1057000 -0.282019146014358
1058000 -0.286511987021829
1059000 -0.286283133713515
1060000 -0.290449179284844
1061000 -0.294623272728993
1062000 -0.287943613629809
1063000 -0.286758450521888
1064000 -0.291280825880191
1065000 -0.296130421446633
1066000 -0.299438274709332
1067000 -0.300863278785293
1068000 -0.294391425327344
1069000 -0.299536208459042
1070000 -0.302900922606425
1071000 -0.303446123149736
1072000 -0.310074669726901
1073000 -0.316807409996642
1074000 -0.310719294504321
1075000 -0.319486725716687
1076000 -0.322045000884208
1077000 -0.322578052843421
1078000 -0.326346531579749
1079000 -0.278678013953495
1080000 -0.233843358274021
1081000 -0.244487767835817
1082000 -0.248310891534584
1083000 -0.247068387425988
1084000 -0.245722175837871
1085000 -0.24454080625916
1086000 -0.244343622028747
1087000 -0.257553436076888
1088000 -0.256359301162314
1089000 -0.256104186779121
1090000 -0.26081678343855
1091000 -0.261742966887411
1092000 -0.267455169123622
1093000 -0.270169183817373
1094000 -0.271951800601526
1095000 -0.274322639520932
1096000 -0.279547071436986
1097000 -0.281704796265352
1098000 -0.284534907761352
1099000 -0.286391450215922
1100000 -0.287607629845531
1101000 -0.292722386682677
1102000 -0.293855418260344
1103000 -0.297661567904274
1104000 -0.299326487067939
1105000 -0.303493852194425
1106000 -0.308845191064964
1107000 -0.302047731406341
1108000 -0.309979274132452
1109000 -0.3126837633526
1110000 -0.32058820468515
1111000 -0.317790604108879
1112000 -0.322437648440436
1113000 -0.323822332780378
1114000 -0.333711817610256
1115000 -0.333684710237745
1116000 -0.332532847996335
1117000 -0.338179158387226
1118000 -0.345551008562136
1119000 -0.346360920923191
1120000 -0.347767237240051
1121000 -0.350627797038297
1122000 -0.352247051271065
1123000 -0.349138764996214
1124000 -0.355649346676935
1125000 -0.356068957847454
1126000 -0.362268613894274
1127000 -0.363831930812844
1128000 -0.368629612687777
1129000 -0.371941752033468
1130000 -0.376558808966416
1131000 -0.378882017625583
1132000 -0.380696841442932
1133000 -0.385908060391709
1134000 -0.393330496366289
1135000 -0.39090777986816
1136000 -0.398965560823571
1137000 -0.399596271713629
1138000 -0.402151192092732
1139000 -0.174452764917236
1140000 -0.175884832152819
1141000 -0.177676839533569
1142000 -0.148710615936799
1143000 -0.0821546503632226
1144000 -0.106729179877179
1145000 -0.10678512957467
1146000 -0.0875797270681832
1147000 -0.0945260538098992
1148000 -0.0965679256849272
1149000 -0.0950905489291858
1150000 -0.0986920929367897
1151000 -0.0715885414194644
1152000 -0.078397143731111
1153000 -0.0786671208221669
1154000 -0.0593507897440375
1155000 -0.0353906411605622
1156000 -0.0353412869405625
1157000 -0.0585933648857087
1158000 -0.0605845983079027
1159000 -0.0489078918724323
1160000 -0.0592500562104068
1161000 -0.0739180975415327
1162000 -0.035447103015624
1163000 -0.0143019811759597
1164000 -0.0260546111943057
1165000 -0.0583536125717216
1166000 -0.0511827082877458
1167000 -0.0583930228473742
1168000 -0.0550406346871915
1169000 -0.0614537934934391
1170000 -0.045455755745652
1171000 -0.0603430541082952
1172000 -0.0754161276885058
1173000 -0.0632021346522928
1174000 -0.0631201661396473
1175000 -0.0632892188187405
1176000 -0.0667941773578408
1177000 -0.0711449663888735
1178000 -0.0784027363838707
1179000 -0.0741485701611457
1180000 -0.0771916679816678
1181000 -0.0719112118493944
1182000 -0.0760719697830529
1183000 -0.0764997508286369
1184000 -0.080188018226493
1185000 -0.0795624769872405
1186000 -0.0779694307602445
1187000 -0.0813610199441236
1188000 -0.0848773480159203
1189000 -0.0825516321318954
1190000 -0.0847955123510393
1191000 -0.0912995098199327
1192000 -0.0903182831482498
1193000 -0.0881067997369148
1194000 -0.0907771787731317
1195000 -0.0984130193446857
1196000 -0.096951108842146
1197000 -0.0932924171826448
1198000 -0.0989291810697153
1199000 -0.103864318887214
1200000 -0.103484402511159
1201000 -0.100028601573623
1202000 -0.106374626830172
1203000 -0.1101506340299
1204000 -0.108477500908644
1205000 -0.10792468069479
1206000 -0.113627739397327
1207000 -0.115518562493588
1208000 -0.113308745100189
1209000 -0.11657944136165
1210000 -0.121586973995352
1211000 -0.121457062593281
1212000 -0.119596790785074
1213000 -0.125332791496413
1214000 -0.129405418108497
1215000 -0.127423536822633
1216000 -0.126929534569215
1217000 -0.134271529225254
1218000 -0.13669695320111
1219000 -0.133866881652417
1220000 -0.134661185333589
1221000 -0.102444191123621
1222000 -0.104453985367779
1223000 -0.0700348180957706
1224000 -0.0922816183225869
1225000 -0.0836295907879391
1226000 -0.10220121321221
1227000 -0.124188570967246
1228000 -0.103716437847235
1229000 -0.100387964110278
1230000 -0.087309447293868
1231000 -0.105937334729346
1232000 -0.119769827419068
1233000 -0.104459151521484
1234000 -0.120968595010639
1235000 -0.126256284532738
1236000 -0.112608804817041
1237000 -0.121595330866644
1238000 -0.109530326881604
1239000 -0.124694159291042
1240000 -0.136156655542627
1241000 -0.12907052627801
1242000 -0.125532645798072
1243000 -0.134314371628425
1244000 -0.132638511916837
1245000 -0.136883056320897
1246000 -0.142132546361413
1247000 -0.147447856788076
1248000 -0.148552966674492
1249000 -0.144163017603742
1250000 -0.12906850070375
1251000 -0.130409093475193
1252000 -0.137119315564953
1253000 -0.145847647515052
1254000 -0.139852921265533
1255000 -0.141809182598829
1256000 -0.151353028547012
1257000 -0.150783838093261
1258000 -0.150913707672433
1259000 -0.160392912564909
1260000 -0.15908548478042
1261000 -0.160157616784186
1262000 -0.162732428280255
1263000 -0.169221591980493
1264000 -0.166618281235209
1265000 -0.173065828350916
1266000 -0.175587112340533
1267000 -0.17490275738071
1268000 -0.179546677050538
1269000 -0.189072004181107
1270000 -0.188821237934221
1271000 -0.190543331677351
1272000 -0.198260461332516
1273000 -0.197253676750439
1274000 -0.196735114708378
1275000 -0.204082644113395
1276000 -0.207129984422511
1277000 -0.208675438700326
1278000 -0.216883360148432
1279000 -0.220554836182211
1280000 -0.21808906015603
1281000 -0.223109096278322
1282000 -0.230717866081165
1283000 -0.230302580463132
1284000 -0.232547351346996
1285000 -0.23837549525803
1286000 -0.241226198132356
1287000 -0.244099764388906
1288000 -0.253609027708746
1289000 -0.259886538870831
1290000 -0.257734537677508
1291000 -0.26508512985691
1292000 -0.266431037731828
1293000 -0.267404998967655
1294000 -0.278933384354535
1295000 -0.273184183949311
1296000 -0.272445477933133
1297000 -0.226769274770392
1298000 -0.229409888546552
1299000 -0.230857494552647
1300000 -0.23337519243152
1301000 -0.242187038294753
1302000 -0.243111147326796
1303000 -0.249676865422206
1304000 -0.247845039811347
1305000 -0.253370345215512
1306000 -0.251915896358305
1307000 -0.259624989082619
1308000 -0.246320666658641
1309000 -0.131357962245206
1310000 -0.159731836617844
1311000 -0.16852359982284
1312000 -0.170891639047258
1313000 -0.188296533277739
1314000 -0.175983288723183
1315000 -0.189264060713971
1316000 -0.179450181713709
1317000 -0.0430357391630455
1318000 -0.019166932933972
1319000 -0.031910329899169
1320000 -0.0427192609624253
1321000 -0.0376885160883492
1322000 -0.0487868658413914
1323000 -0.0412298808841417
1324000 -0.0351455953036987
1325000 -0.0445870328817352
1326000 -0.040812748315101
1327000 -0.0482828266226239
1328000 -0.0453377858038938
1329000 -0.0387693747824973
1330000 -0.0382030235104443
1331000 -0.0310834638773748
1332000 -0.0257282171146444
1333000 -0.0260070957089239
1334000 -0.00942233126521511
1335000 -0.00021297305633047
1336000 0.00564694721471655
1337000 -0.0109689651101279
1338000 -0.0276978495506891
1339000 -0.0192157727116887
1340000 -0.00419871261671219
1341000 -0.0136145964015907
1342000 -0.0154605741419359
1343000 -0.0297194854092268
1344000 -0.0212602209044074
1345000 -0.0125411943372595
1346000 -0.0137902303136281
1347000 -0.0199267638367788
1348000 -0.0163835709879156
1349000 -0.0147465311045542
1350000 -0.0146591486639228
1351000 -0.0184119368513017
1352000 -0.0156051732803183
1353000 -0.015590801395123
1354000 -0.0211389951755212
1355000 -0.0185613644172867
1356000 -0.0140503136301909
1357000 -0.016935457714814
1358000 -0.0216398789357905
1359000 -0.0171748523770174
1360000 -0.0176362974859922
1361000 -0.0213189073232633
1362000 -0.0187479114037407
1363000 -0.0153985134853204
1364000 -0.0213572253894979
1365000 -0.0222681722480516
1366000 -0.016877005013465
1367000 -0.0192411082378171
1368000 -0.0221013470643624
1369000 -0.0189388936654546
1370000 -0.0178886740322799
1371000 -0.0230425218473659
1372000 -0.0222806862471578
1373000 -0.0174733443605079
1374000 -0.0216031297953954
1375000 -0.0241203691944644
1376000 -0.0189135256562011
1377000 -0.0205250160115744
1378000 -0.0239886252003783
1379000 -0.0219287543439149
1380000 -0.0185957758990701
1381000 -0.0241279051155074
