#Timestep  sxy 
100000 0.00369957215131886
101000 -0.0537798974064008
102000 -0.090507164884894
103000 -0.159220803726226
104000 -0.206396890984448
105000 -0.248210900047134
106000 -0.297452701753411
107000 -0.335939352572666
108000 -0.369333357724183
109000 -0.386285712612394
110000 -0.398427404255248
111000 -0.424595374638503
112000 -0.448482129911264
113000 -0.52694451309038
114000 -0.593167713307656
115000 -0.645355479265273
116000 -0.675650384472293
117000 -0.653685970725579
118000 -0.666430421171776
119000 -0.756697504222748
120000 -0.845075048134913
121000 -0.87907222227297
122000 -0.868122937981596
123000 -0.834654111490109
124000 -0.950340950067965
125000 -1.05868644376059
126000 -1.04544537373955
127000 -0.9951867000462
128000 -1.08540790273276
129000 -1.18596447902475
130000 -1.18854729823246
131000 -1.13682617989444
132000 -1.24425524241305
133000 -1.32864825396171
134000 -1.32123318636493
135000 -1.33374512735464
136000 -1.41984291522127
137000 -1.45892428168756
138000 -1.45314709726449
139000 -1.51307310876728
140000 -1.55582307115371
141000 -1.60592388259765
142000 -1.62772386113538
143000 -1.66782341951755
144000 -1.71270212108851
145000 -1.78367504640824
146000 -1.7856257423298
147000 -1.83641217953357
148000 -1.9003663328507
149000 -1.86358791144984
150000 -1.92850532817696
151000 -2.02441926749852
152000 -2.00410903310662
153000 -2.07344406700137
154000 -2.13325578771807
155000 -2.09591174245159
156000 -2.20246337746755
157000 -2.24073248423986
158000 -2.23507023006814
159000 -2.30675990943432
160000 -2.3360298516726
161000 -2.3852307325088
162000 -2.42169209312784
163000 -2.48224482443072
164000 -2.51039153302135
165000 -2.49757356944728
166000 -2.62142323302214
167000 -2.61614152414037
168000 -2.64528301691506
169000 -2.72018984656442
170000 -2.68471071603446
171000 -2.8148302939478
172000 -2.79445698793843
173000 -2.87402480435211
174000 -2.89231835807226
175000 -2.91774610694586
176000 -2.96750013259444
177000 -3.02689984933544
178000 -3.0453912863891
179000 -3.07204395093826
180000 -3.15145155948267
181000 -3.14346097321389
182000 -3.23318093361911
183000 -3.21808864736742
184000 -3.30853166809213
185000 -3.32120118890343
186000 -3.36120325103171
187000 -3.42864707011532
188000 -3.43544587326109
189000 -3.49013769809369
190000 -3.52995422751393
191000 -3.57407004353457
192000 -3.5875239610632
193000 -3.67826281140247
194000 -3.66119874866556
195000 -3.77820907413966
196000 -3.73128467014542
197000 -3.83476646508875
198000 -3.8170134571867
199000 -3.90022391098824
200000 -3.89688076649875
201000 -3.98868533400838
202000 -3.97554451746205
203000 -4.05386026764218
204000 -4.06126164640707
205000 -4.1589711467227
206000 -4.15371792179074
207000 -4.23509588667768
208000 -4.23478075902614
209000 -4.31229561050801
210000 -4.29462968138904
211000 -4.39224968139366
212000 -4.3883805173337
213000 -4.43522431082815
214000 -4.46813971837464
215000 -4.50742026913077
216000 -4.55046318054164
217000 -4.59680701584664
218000 -4.63588732161825
219000 -4.69978644455909
220000 -4.69028683132165
221000 -4.80220871652741
222000 -4.77174231729544
223000 -4.87960801055577
224000 -4.85495808178553
225000 -4.91062115910049
226000 -4.94230882751822
227000 -4.99625423141436
228000 -5.04920992056603
229000 -5.05899770455675
230000 -5.11557141040278
231000 -5.15287679221827
232000 -5.19840821407089
233000 -5.22349809889783
234000 -5.28010476622087
235000 -5.31165772523177
236000 -5.34608442209117
237000 -5.37394389890067
238000 -5.42189114195767
239000 -5.45891850108068
240000 -5.50034232017234
241000 -5.57386678536259
242000 -5.53741188995241
243000 -5.63224919872577
244000 -5.66415022150357
245000 -5.70859738450593
246000 -5.71557877940804
247000 -5.7312683705808
248000 -5.82430003362962
249000 -5.83583584467235
250000 -5.909101682892
251000 -5.94067813329211
252000 -5.91784108219536
253000 -6.02229454964246
254000 -6.03565952330805
255000 -6.0944914398523
256000 -6.13454988102163
257000 -6.13750893917687
258000 -6.20765466764895
259000 -6.21522481498468
260000 -6.27188486495277
261000 -6.34086817909641
262000 -6.33325344359945
263000 -6.38812591216108
264000 -6.43494102568899
265000 -6.41678680024146
266000 -6.50293213311571
267000 -6.56267793594227
268000 -6.55181787964491
269000 -6.61751869562537
270000 -6.61589786260765
271000 -6.68169669089322
272000 -6.71689625958449
273000 -6.76211069674651
274000 -6.79587896925316
275000 -6.87354989621388
276000 -6.85409143756464
277000 -6.89582015714603
278000 -6.94890354943928
279000 -6.94587496381616
280000 -7.01158777308229
281000 -7.02646581209141
282000 -7.09877191380946
283000 -7.13115261719754
284000 -7.18273791838502
285000 -7.20830574316599
286000 -7.24367046066846
287000 -7.27071479922637
288000 -7.31276731108006
289000 -7.35078211007352
290000 -7.36141447552568
291000 -7.44264189903133
292000 -7.45510238900679
293000 -7.47074127108598
294000 -7.54211963177088
295000 -7.56985460130387
296000 -7.57734161002082
297000 -2.14159167825455
298000 -0.187974102891742
299000 0.21919385961991
300000 -0.392619499826549
301000 0.341749616737657
302000 -0.187184742779798
303000 -0.187822525420539
304000 0.165832231684269
305000 -0.166884218484079
306000 -0.0909926841425219
307000 -0.0251588248487546
308000 0.0428718910290586
309000 0.1044810090158
310000 0.0392119502876094
311000 -0.0634710702629152
312000 0.0168624749509006
313000 -0.0490183972282513
314000 0.0964386495261247
315000 -0.0502933029735685
316000 -0.00970126700676201
317000 0.0308278575248492
318000 0.0370466075105552
319000 0.0199886309275877
320000 0.0808689550511477
321000 -0.0848147414102536
322000 -0.0891424842477296
323000 -0.00890440539958908
324000 -0.0235441585019402
325000 -0.0873471681132457
326000 -0.0938394718415539
327000 -0.0318794045324751
328000 0.125077503787192
329000 0.20366054840584
330000 0.187762427997502
331000 0.0988052256202126
332000 0.165287625154542
333000 0.0357283701347176
334000 0.0887019769406902
335000 0.143434227148452
336000 0.0343065866324977
337000 0.130032095600752
338000 0.0443756200116069
339000 0.0433285628920577
